8.572999999999999510e-01
8.981000000000000094e-01
1.064000000000000501e-01
1.064000000000000501e-01
9.178999999999999382e-01
6.471999999999999975e-01
9.192000000000000171e-01
7.650000000000000133e-01
9.185999999999999721e-01
9.047000000000000597e-01
9.049000000000000377e-01
9.192000000000000171e-01
9.048000000000000487e-01
9.186999999999999611e-01
9.052999999999999936e-01
9.055999999999999606e-01
9.193000000000000060e-01
9.191000000000000281e-01
9.189000000000000501e-01
9.191000000000000281e-01
9.045999999999999597e-01
9.198999999999999400e-01
9.190000000000000391e-01
9.193000000000000060e-01
9.054999999999999716e-01
9.048000000000000487e-01
9.188000000000000611e-01
9.202000000000000179e-01
9.052999999999999936e-01
9.188000000000000611e-01
9.193000000000000060e-01
9.206999999999999629e-01
9.188000000000000611e-01
9.191000000000000281e-01
9.040000000000000258e-01
9.192000000000000171e-01
9.048000000000000487e-01
9.189000000000000501e-01
9.193000000000000060e-01
9.202000000000000179e-01
9.188000000000000611e-01
9.189000000000000501e-01
9.191000000000000281e-01
9.201000000000000290e-01
9.048000000000000487e-01
9.186999999999999611e-01
9.193000000000000060e-01
9.202000000000000179e-01
9.190000000000000391e-01
9.047000000000000597e-01
9.040000000000000258e-01
9.188000000000000611e-01
9.192000000000000171e-01
9.188000000000000611e-01
9.201000000000000290e-01
9.189000000000000501e-01
9.193000000000000060e-01
9.186999999999999611e-01
9.185999999999999721e-01
9.197999999999999510e-01
9.193000000000000060e-01
9.045999999999999597e-01
9.196999999999999620e-01
9.196999999999999620e-01
9.178999999999999382e-01
9.038000000000000478e-01
9.184999999999999831e-01
9.197999999999999510e-01
9.192000000000000171e-01
9.197999999999999510e-01
9.191000000000000281e-01
9.196999999999999620e-01
9.195999999999999730e-01
9.048000000000000487e-01
9.185999999999999721e-01
9.197999999999999510e-01
6.985000000000000098e-01
9.185999999999999721e-01
9.198999999999999400e-01
9.194999999999999840e-01
9.196999999999999620e-01
9.200000000000000400e-01
9.185999999999999721e-01
9.195999999999999730e-01
9.197999999999999510e-01
9.198999999999999400e-01
9.202000000000000179e-01
9.195999999999999730e-01
9.186999999999999611e-01
9.185999999999999721e-01
9.198999999999999400e-01
9.048000000000000487e-01
9.201000000000000290e-01
9.196999999999999620e-01
9.196999999999999620e-01
9.197999999999999510e-01
9.196999999999999620e-01
9.205999999999999739e-01
9.049000000000000377e-01
9.189000000000000501e-01
9.200000000000000400e-01
9.181000000000000272e-01
9.207999999999999519e-01
9.186999999999999611e-01
9.184999999999999831e-01
9.207999999999999519e-01
9.206999999999999629e-01
9.196999999999999620e-01
9.202000000000000179e-01
9.206999999999999629e-01
9.198999999999999400e-01
9.196999999999999620e-01
9.206999999999999629e-01
9.202000000000000179e-01
9.206999999999999629e-01
9.188000000000000611e-01
9.038000000000000478e-01
9.196999999999999620e-01
9.203999999999999959e-01
9.191000000000000281e-01
9.206999999999999629e-01
9.045999999999999597e-01
9.198999999999999400e-01
9.196999999999999620e-01
9.203999999999999959e-01
9.183999999999999941e-01
9.206999999999999629e-01
9.198999999999999400e-01
9.201000000000000290e-01
9.203000000000000069e-01
9.200000000000000400e-01
9.198999999999999400e-01
9.202000000000000179e-01
9.198999999999999400e-01
9.203000000000000069e-01
9.196999999999999620e-01
9.202000000000000179e-01
9.198999999999999400e-01
9.202000000000000179e-01
9.200000000000000400e-01
9.196999999999999620e-01
9.201000000000000290e-01
9.196999999999999620e-01
9.201000000000000290e-01
9.181000000000000272e-01
9.197999999999999510e-01
9.201000000000000290e-01
9.201000000000000290e-01
9.181000000000000272e-01
9.047000000000000597e-01
9.201000000000000290e-01
9.050000000000000266e-01
9.195999999999999730e-01
9.201000000000000290e-01
9.202000000000000179e-01
9.201000000000000290e-01
9.196999999999999620e-01
9.202000000000000179e-01
9.201000000000000290e-01
9.196999999999999620e-01
9.198999999999999400e-01
9.202000000000000179e-01
9.195999999999999730e-01
9.206999999999999629e-01
9.196999999999999620e-01
9.200000000000000400e-01
9.198999999999999400e-01
9.200000000000000400e-01
9.181000000000000272e-01
9.195999999999999730e-01
9.198999999999999400e-01
9.193999999999999950e-01
9.196999999999999620e-01
9.201000000000000290e-01
9.202000000000000179e-01
9.181000000000000272e-01
9.198999999999999400e-01
9.197999999999999510e-01
9.201000000000000290e-01
9.201000000000000290e-01
9.163000000000000034e-01
9.196999999999999620e-01
9.198999999999999400e-01
9.195999999999999730e-01
9.201000000000000290e-01
9.202000000000000179e-01
9.045999999999999597e-01
9.181000000000000272e-01
9.196999999999999620e-01
9.197999999999999510e-01
9.197999999999999510e-01
9.205999999999999739e-01
9.202000000000000179e-01
9.201000000000000290e-01
9.202000000000000179e-01
9.194999999999999840e-01
9.198999999999999400e-01
9.196999999999999620e-01
9.197999999999999510e-01
9.205999999999999739e-01
