9.410589999999999788e-01 1.872099999999999875e-01
9.780219999999999470e-01 2.535399999999999876e-01
1.000000000000000021e-03 9.990099999999999536e-01
9.990010000000000279e-01 1.000000000000000021e-02
9.990010000000000279e-01 1.098999999999999977e-02
9.980019999999999447e-01 1.000000000000000021e-02
9.990010000000000279e-01 1.198000000000000106e-02
9.980019999999999447e-01 1.098999999999999977e-02
9.970029999999999726e-01 1.000000000000000021e-02
9.990010000000000279e-01 1.297000000000000063e-02
9.980019999999999447e-01 1.198000000000000106e-02
9.970029999999999726e-01 1.098999999999999977e-02
9.960040000000000004e-01 1.000000000000000021e-02
9.990010000000000279e-01 1.396000000000000019e-02
9.980019999999999447e-01 1.297000000000000063e-02
9.970029999999999726e-01 1.198000000000000106e-02
9.960040000000000004e-01 1.098999999999999977e-02
9.950050000000000283e-01 1.000000000000000021e-02
9.990010000000000279e-01 1.495000000000000148e-02
9.980019999999999447e-01 1.396000000000000019e-02
9.970029999999999726e-01 1.297000000000000063e-02
9.960040000000000004e-01 1.198000000000000106e-02
9.950050000000000283e-01 1.098999999999999977e-02
9.940059999999999452e-01 1.000000000000000021e-02
9.990010000000000279e-01 1.593999999999999931e-02
9.980019999999999447e-01 1.495000000000000148e-02
9.970029999999999726e-01 1.396000000000000019e-02
9.960040000000000004e-01 1.297000000000000063e-02
9.950050000000000283e-01 1.198000000000000106e-02
9.940059999999999452e-01 1.098999999999999977e-02
9.930069999999999730e-01 1.000000000000000021e-02
9.990010000000000279e-01 1.693000000000000060e-02
9.980019999999999447e-01 1.593999999999999931e-02
9.970029999999999726e-01 1.495000000000000148e-02
9.960040000000000004e-01 1.396000000000000019e-02
9.950050000000000283e-01 1.297000000000000063e-02
9.940059999999999452e-01 1.198000000000000106e-02
9.930069999999999730e-01 1.098999999999999977e-02
9.920080000000000009e-01 1.000000000000000021e-02
9.990010000000000279e-01 1.791999999999999843e-02
9.980019999999999447e-01 1.693000000000000060e-02
9.970029999999999726e-01 1.593999999999999931e-02
9.960040000000000004e-01 1.495000000000000148e-02
9.950050000000000283e-01 1.396000000000000019e-02
9.940059999999999452e-01 1.297000000000000063e-02
9.930069999999999730e-01 1.198000000000000106e-02
9.920080000000000009e-01 1.098999999999999977e-02
9.910090000000000288e-01 1.000000000000000021e-02
9.990010000000000279e-01 1.890999999999999973e-02
9.980019999999999447e-01 1.791999999999999843e-02
9.970029999999999726e-01 1.693000000000000060e-02
9.960040000000000004e-01 1.593999999999999931e-02
9.950050000000000283e-01 1.495000000000000148e-02
9.940059999999999452e-01 1.396000000000000019e-02
9.930069999999999730e-01 1.297000000000000063e-02
9.920080000000000009e-01 1.198000000000000106e-02
9.910090000000000288e-01 1.098999999999999977e-02
9.900099999999999456e-01 1.000000000000000021e-02
9.990010000000000279e-01 1.990000000000000102e-02
9.980019999999999447e-01 1.890999999999999973e-02
9.970029999999999726e-01 1.791999999999999843e-02
9.960040000000000004e-01 1.693000000000000060e-02
9.950050000000000283e-01 1.593999999999999931e-02
9.940059999999999452e-01 1.495000000000000148e-02
9.930069999999999730e-01 1.396000000000000019e-02
9.920080000000000009e-01 1.297000000000000063e-02
9.910090000000000288e-01 1.198000000000000106e-02
9.900099999999999456e-01 1.098999999999999977e-02
9.890109999999999735e-01 1.000000000000000021e-02
9.990010000000000279e-01 2.088999999999999885e-02
9.980019999999999447e-01 1.990000000000000102e-02
9.970029999999999726e-01 1.890999999999999973e-02
9.960040000000000004e-01 1.791999999999999843e-02
9.950050000000000283e-01 1.693000000000000060e-02
9.940059999999999452e-01 1.593999999999999931e-02
9.930069999999999730e-01 1.495000000000000148e-02
9.920080000000000009e-01 1.396000000000000019e-02
9.910090000000000288e-01 1.297000000000000063e-02
9.900099999999999456e-01 1.198000000000000106e-02
9.890109999999999735e-01 1.098999999999999977e-02
9.880120000000000013e-01 1.000000000000000021e-02
9.990010000000000279e-01 2.188000000000000014e-02
9.980019999999999447e-01 2.088999999999999885e-02
9.970029999999999726e-01 1.990000000000000102e-02
9.960040000000000004e-01 1.890999999999999973e-02
9.950050000000000283e-01 1.791999999999999843e-02
9.940059999999999452e-01 1.693000000000000060e-02
9.930069999999999730e-01 1.593999999999999931e-02
9.920080000000000009e-01 1.495000000000000148e-02
9.910090000000000288e-01 1.396000000000000019e-02
9.900099999999999456e-01 1.297000000000000063e-02
9.890109999999999735e-01 1.198000000000000106e-02
9.880120000000000013e-01 1.098999999999999977e-02
9.870130000000000292e-01 1.000000000000000021e-02
9.980019999999999447e-01 2.188000000000000014e-02
9.990010000000000279e-01 2.287000000000000144e-02
9.970029999999999726e-01 2.088999999999999885e-02
9.960040000000000004e-01 1.990000000000000102e-02
9.950050000000000283e-01 1.890999999999999973e-02
9.940059999999999452e-01 1.791999999999999843e-02
9.930069999999999730e-01 1.693000000000000060e-02
