1.237999999999999934e-01
1.272000000000000075e-01
9.879999999999999893e-02
1.260999999999999899e-01
1.262000000000000066e-01
1.260999999999999899e-01
1.260999999999999899e-01
1.260999999999999899e-01
1.260999999999999899e-01
1.262000000000000066e-01
1.260999999999999899e-01
1.260000000000000009e-01
1.260999999999999899e-01
1.260999999999999899e-01
1.260999999999999899e-01
1.260000000000000009e-01
1.260000000000000009e-01
1.260000000000000009e-01
1.260999999999999899e-01
1.260999999999999899e-01
1.260000000000000009e-01
1.259000000000000119e-01
1.260000000000000009e-01
1.259000000000000119e-01
1.260999999999999899e-01
1.260999999999999899e-01
1.260999999999999899e-01
1.260000000000000009e-01
1.260000000000000009e-01
1.260000000000000009e-01
1.257000000000000062e-01
1.260000000000000009e-01
1.260999999999999899e-01
1.260999999999999899e-01
1.260999999999999899e-01
1.257999999999999952e-01
1.260000000000000009e-01
1.257999999999999952e-01
1.257000000000000062e-01
1.260000000000000009e-01
1.260000000000000009e-01
1.260000000000000009e-01
1.260999999999999899e-01
1.260999999999999899e-01
1.257999999999999952e-01
1.257999999999999952e-01
1.257999999999999952e-01
1.255999999999999894e-01
1.257999999999999952e-01
1.260000000000000009e-01
1.260000000000000009e-01
1.260000000000000009e-01
1.260000000000000009e-01
1.259000000000000119e-01
1.255999999999999894e-01
1.257999999999999952e-01
1.257000000000000062e-01
1.255999999999999894e-01
1.257999999999999952e-01
1.257999999999999952e-01
1.259000000000000119e-01
1.260000000000000009e-01
1.260000000000000009e-01
1.260000000000000009e-01
1.257999999999999952e-01
1.257000000000000062e-01
1.257999999999999952e-01
1.255999999999999894e-01
1.255999999999999894e-01
1.257999999999999952e-01
1.257999999999999952e-01
1.257999999999999952e-01
1.257999999999999952e-01
1.260000000000000009e-01
1.260000000000000009e-01
1.259000000000000119e-01
1.255000000000000004e-01
1.255999999999999894e-01
1.257000000000000062e-01
1.255999999999999894e-01
1.255999999999999894e-01
1.260000000000000009e-01
1.259000000000000119e-01
1.259000000000000119e-01
1.257999999999999952e-01
1.257999999999999952e-01
1.259000000000000119e-01
1.260000000000000009e-01
1.257000000000000062e-01
1.255000000000000004e-01
1.255999999999999894e-01
1.255000000000000004e-01
1.255999999999999894e-01
1.255999999999999894e-01
1.260000000000000009e-01
1.257999999999999952e-01
1.257999999999999952e-01
1.259000000000000119e-01
1.259000000000000119e-01
1.259000000000000119e-01
