7.157000000000000028e-01
8.469999999999999751e-01
7.650000000000000133e-01
9.049000000000000377e-01
9.055999999999999606e-01
9.054999999999999716e-01
9.040000000000000258e-01
9.040000000000000258e-01
9.038000000000000478e-01
9.038000000000000478e-01
9.039000000000000368e-01
9.034999999999999698e-01
9.038000000000000478e-01
9.038000000000000478e-01
9.036999999999999478e-01
9.034999999999999698e-01
9.034999999999999698e-01
9.034999999999999698e-01
9.033999999999999808e-01
9.033999999999999808e-01
9.031000000000000139e-01
9.030000000000000249e-01
9.031000000000000139e-01
9.032000000000000028e-01
9.034999999999999698e-01
9.032000000000000028e-01
9.031000000000000139e-01
9.029000000000000359e-01
9.050000000000000266e-01
9.029000000000000359e-01
9.054999999999999716e-01
9.025999999999999579e-01
9.054999999999999716e-01
9.023999999999999799e-01
9.040000000000000258e-01
9.020000000000000240e-01
9.039000000000000368e-01
9.019000000000000350e-01
9.036999999999999478e-01
9.019000000000000350e-01
9.039000000000000368e-01
9.018000000000000460e-01
9.039000000000000368e-01
9.011000000000000121e-01
9.035999999999999588e-01
9.012999999999999901e-01
9.038000000000000478e-01
9.015999999999999570e-01
9.036999999999999478e-01
9.012000000000000011e-01
9.035999999999999588e-01
9.011000000000000121e-01
9.034999999999999698e-01
9.035999999999999588e-01
9.010000000000000231e-01
9.033999999999999808e-01
9.008000000000000451e-01
9.032000000000000028e-01
9.007000000000000561e-01
9.032999999999999918e-01
9.002000000000000002e-01
9.029000000000000359e-01
8.999000000000000332e-01
9.030000000000000249e-01
8.994999999999999662e-01
9.031000000000000139e-01
8.990000000000000213e-01
9.031000000000000139e-01
8.988000000000000433e-01
9.032999999999999918e-01
8.987000000000000544e-01
9.031000000000000139e-01
8.987000000000000544e-01
9.029000000000000359e-01
8.985999999999999543e-01
9.049000000000000377e-01
9.028000000000000469e-01
9.055999999999999606e-01
8.984999999999999654e-01
9.028000000000000469e-01
9.052999999999999936e-01
8.985999999999999543e-01
9.024999999999999689e-01
9.039000000000000368e-01
9.020000000000000240e-01
8.988000000000000433e-01
9.038000000000000478e-01
9.022000000000000020e-01
9.038000000000000478e-01
8.985999999999999543e-01
9.038000000000000478e-01
9.018000000000000460e-01
8.982999999999999874e-01
9.039000000000000368e-01
9.015999999999999570e-01
8.981000000000000094e-01
9.034999999999999698e-01
9.014999999999999680e-01
8.980000000000000204e-01
9.036999999999999478e-01
9.012000000000000011e-01
9.035999999999999588e-01
8.981999999999999984e-01
9.012999999999999901e-01
9.035999999999999588e-01
8.981000000000000094e-01
9.013999999999999790e-01
9.034999999999999698e-01
8.980000000000000204e-01
9.012000000000000011e-01
9.035999999999999588e-01
8.976999999999999424e-01
9.011000000000000121e-01
9.062999999999999945e-01
9.062999999999999945e-01
9.056999999999999496e-01
9.056999999999999496e-01
9.052000000000000046e-01
9.050000000000000266e-01
9.050000000000000266e-01
9.052000000000000046e-01
9.045999999999999597e-01
9.044999999999999707e-01
9.043999999999999817e-01
9.042999999999999927e-01
9.043999999999999817e-01
9.048000000000000487e-01
9.043999999999999817e-01
9.033999999999999808e-01
9.048000000000000487e-01
9.045999999999999597e-01
9.032999999999999918e-01
9.044999999999999707e-01
9.042999999999999927e-01
9.033999999999999808e-01
9.042000000000000037e-01
9.063999999999999835e-01
9.062999999999999945e-01
9.041000000000000147e-01
9.055999999999999606e-01
9.040000000000000258e-01
9.055999999999999606e-01
9.038000000000000478e-01
9.051000000000000156e-01
9.035999999999999588e-01
9.050000000000000266e-01
9.035999999999999588e-01
9.050000000000000266e-01
9.028000000000000469e-01
9.051000000000000156e-01
9.035999999999999588e-01
9.047000000000000597e-01
9.033999999999999808e-01
9.042999999999999927e-01
9.031000000000000139e-01
9.028000000000000469e-01
9.049000000000000377e-01
9.074999999999999734e-01
9.073999999999999844e-01
9.069000000000000394e-01
9.071000000000000174e-01
9.072000000000000064e-01
9.068000000000000504e-01
9.069000000000000394e-01
9.064999999999999725e-01
9.043999999999999817e-01
9.065999999999999615e-01
9.062000000000000055e-01
9.044999999999999707e-01
9.056999999999999496e-01
9.052999999999999936e-01
9.028000000000000469e-01
9.043999999999999817e-01
9.057999999999999385e-01
9.061000000000000165e-01
9.029000000000000359e-01
9.048000000000000487e-01
9.062000000000000055e-01
9.061000000000000165e-01
9.089000000000000412e-01
9.089000000000000412e-01
9.086999999999999522e-01
9.086999999999999522e-01
9.082000000000000073e-01
9.074999999999999734e-01
9.079000000000000403e-01
9.077999999999999403e-01
9.055999999999999606e-01
9.076999999999999513e-01
9.073999999999999844e-01
9.072999999999999954e-01
9.077999999999999403e-01
9.102000000000000091e-01
9.101000000000000201e-01
9.102000000000000091e-01
9.099000000000000421e-01
9.097999999999999421e-01
9.095999999999999641e-01
9.077999999999999403e-01
9.121000000000000218e-01
