8.991000000000000103e-01
6.865999999999999881e-01
9.200000000000000400e-01
9.197999999999999510e-01
9.178999999999999382e-01
9.134999999999999787e-01
9.203999999999999959e-01
9.178999999999999382e-01
9.207999999999999519e-01
9.202000000000000179e-01
9.183999999999999941e-01
9.202000000000000179e-01
9.181000000000000272e-01
9.202000000000000179e-01
9.203000000000000069e-01
9.194999999999999840e-01
9.203000000000000069e-01
9.200000000000000400e-01
9.203000000000000069e-01
9.202000000000000179e-01
9.202000000000000179e-01
9.203000000000000069e-01
9.202000000000000179e-01
9.203999999999999959e-01
9.201000000000000290e-01
9.203000000000000069e-01
9.201000000000000290e-01
9.082000000000000073e-01
9.181000000000000272e-01
9.181000000000000272e-01
9.203999999999999959e-01
9.204999999999999849e-01
9.204999999999999849e-01
9.205999999999999739e-01
9.209000000000000519e-01
9.207999999999999519e-01
9.205999999999999739e-01
9.204999999999999849e-01
9.203000000000000069e-01
9.203000000000000069e-01
9.203000000000000069e-01
9.203999999999999959e-01
9.201000000000000290e-01
9.198999999999999400e-01
9.197999999999999510e-01
9.195999999999999730e-01
9.202000000000000179e-01
9.196999999999999620e-01
9.198999999999999400e-01
9.196999999999999620e-01
9.198999999999999400e-01
9.196999999999999620e-01
9.196999999999999620e-01
9.201000000000000290e-01
9.196999999999999620e-01
9.202000000000000179e-01
9.197999999999999510e-01
9.201000000000000290e-01
9.195999999999999730e-01
9.202000000000000179e-01
9.195999999999999730e-01
9.201000000000000290e-01
9.203000000000000069e-01
9.195999999999999730e-01
9.203999999999999959e-01
9.196999999999999620e-01
9.204999999999999849e-01
9.198999999999999400e-01
9.204999999999999849e-01
9.197999999999999510e-01
9.203000000000000069e-01
9.200000000000000400e-01
9.197999999999999510e-01
9.153999999999999915e-01
9.197999999999999510e-01
9.196999999999999620e-01
9.194999999999999840e-01
9.192000000000000171e-01
9.198999999999999400e-01
9.200000000000000400e-01
9.192000000000000171e-01
9.201000000000000290e-01
9.202000000000000179e-01
9.202000000000000179e-01
9.191000000000000281e-01
9.173999999999999932e-01
9.191000000000000281e-01
9.201000000000000290e-01
9.201000000000000290e-01
9.191000000000000281e-01
9.202000000000000179e-01
9.174999999999999822e-01
9.191000000000000281e-01
9.201000000000000290e-01
9.200000000000000400e-01
9.192000000000000171e-01
9.200000000000000400e-01
9.188000000000000611e-01
9.200000000000000400e-01
9.192000000000000171e-01
9.201000000000000290e-01
9.194999999999999840e-01
9.202000000000000179e-01
9.192000000000000171e-01
9.193999999999999950e-01
9.204999999999999849e-01
9.205999999999999739e-01
9.195999999999999730e-01
9.206999999999999629e-01
9.193000000000000060e-01
9.200000000000000400e-01
9.206999999999999629e-01
9.202000000000000179e-01
9.201000000000000290e-01
9.206999999999999629e-01
9.200000000000000400e-01
9.193000000000000060e-01
9.200000000000000400e-01
9.207999999999999519e-01
9.200000000000000400e-01
9.198999999999999400e-01
9.207999999999999519e-01
9.193000000000000060e-01
9.196999999999999620e-01
9.207999999999999519e-01
9.198999999999999400e-01
9.205999999999999739e-01
9.193000000000000060e-01
9.200000000000000400e-01
9.200000000000000400e-01
9.200000000000000400e-01
9.203999999999999959e-01
9.196999999999999620e-01
9.201000000000000290e-01
9.201000000000000290e-01
9.193000000000000060e-01
9.204999999999999849e-01
9.203000000000000069e-01
9.201000000000000290e-01
9.203000000000000069e-01
9.203999999999999959e-01
9.200000000000000400e-01
9.203000000000000069e-01
9.193000000000000060e-01
9.203999999999999959e-01
9.203999999999999959e-01
9.202000000000000179e-01
9.203000000000000069e-01
9.202000000000000179e-01
9.203999999999999959e-01
9.193000000000000060e-01
9.201000000000000290e-01
9.198999999999999400e-01
9.201000000000000290e-01
9.197999999999999510e-01
9.191000000000000281e-01
9.198999999999999400e-01
9.202000000000000179e-01
9.200000000000000400e-01
9.202000000000000179e-01
9.200000000000000400e-01
9.188000000000000611e-01
9.200000000000000400e-01
9.201000000000000290e-01
9.200000000000000400e-01
9.200000000000000400e-01
9.200000000000000400e-01
9.188000000000000611e-01
9.201000000000000290e-01
9.201000000000000290e-01
9.200000000000000400e-01
9.202000000000000179e-01
9.186999999999999611e-01
9.202000000000000179e-01
9.200000000000000400e-01
9.198999999999999400e-01
9.197999999999999510e-01
9.196999999999999620e-01
9.197999999999999510e-01
9.195999999999999730e-01
9.196999999999999620e-01
9.195999999999999730e-01
9.202000000000000179e-01
9.193999999999999950e-01
9.196999999999999620e-01
9.195999999999999730e-01
9.192000000000000171e-01
9.195999999999999730e-01
9.196999999999999620e-01
9.202000000000000179e-01
9.196999999999999620e-01
9.194999999999999840e-01
9.191000000000000281e-01
9.197999999999999510e-01
9.202000000000000179e-01
9.188000000000000611e-01
9.200000000000000400e-01
9.188000000000000611e-01
9.200000000000000400e-01
9.195999999999999730e-01
