4.925080000000000013e-01 4.555000000000000160e-01 5.500000000000000548e-03
3.876129999999999853e-01 2.872000000000000108e-01 8.200000000000002426e-03
9.990010000000000279e-01 9.900999999999999801e-01 1.000000000000000021e-03
7.192899999999999294e-02 9.900999999999999801e-01 1.000000000000000021e-03
2.847159999999999691e-01 1.000000000000000021e-02 9.100000000000000450e-03
2.887119999999999687e-01 1.000000000000000021e-02 1.000000000000000021e-03
2.877129999999999965e-01 1.000000000000000021e-02 1.000000000000000021e-03
2.897109999999999963e-01 1.000000000000000021e-02 1.000000000000000021e-03
2.867139999999999689e-01 1.000000000000000021e-02 1.000000000000000021e-03
2.907099999999999684e-01 1.000000000000000021e-02 1.000000000000000021e-03
2.917089999999999961e-01 1.000000000000000021e-02 1.000000000000000021e-03
2.857149999999999967e-01 1.000000000000000021e-02 1.000000000000000021e-03
2.927079999999999682e-01 1.000000000000000021e-02 1.000000000000000021e-03
2.847159999999999691e-01 1.000000000000000021e-02 1.000000000000000021e-03
2.937069999999999959e-01 1.000000000000000021e-02 1.000000000000000021e-03
2.837169999999999970e-01 1.000000000000000021e-02 1.000000000000000021e-03
2.947059999999999680e-01 1.000000000000000021e-02 1.000000000000000021e-03
2.827179999999999693e-01 1.000000000000000021e-02 1.000000000000000021e-03
2.957049999999999956e-01 1.000000000000000021e-02 1.000000000000000021e-03
2.817190000000000527e-01 1.000000000000000021e-02 1.000000000000000021e-03
2.967039999999999678e-01 1.000000000000000021e-02 1.000000000000000021e-03
2.807200000000000251e-01 1.000000000000000021e-02 1.000000000000000021e-03
2.887119999999999687e-01 1.990000000000000102e-02 1.000000000000000021e-03
2.897109999999999963e-01 1.990000000000000102e-02 1.000000000000000021e-03
2.877129999999999965e-01 1.990000000000000102e-02 1.000000000000000021e-03
2.907099999999999684e-01 1.990000000000000102e-02 1.000000000000000021e-03
2.867139999999999689e-01 1.990000000000000102e-02 1.000000000000000021e-03
2.917089999999999961e-01 1.990000000000000102e-02 1.000000000000000021e-03
2.857149999999999967e-01 1.990000000000000102e-02 1.000000000000000021e-03
2.797210000000000529e-01 1.000000000000000021e-02 1.000000000000000021e-03
2.977029999999999954e-01 1.000000000000000021e-02 1.000000000000000021e-03
2.847159999999999691e-01 1.990000000000000102e-02 1.000000000000000021e-03
2.927079999999999682e-01 1.990000000000000102e-02 1.000000000000000021e-03
2.837169999999999970e-01 1.990000000000000102e-02 1.000000000000000021e-03
2.937069999999999959e-01 1.990000000000000102e-02 1.000000000000000021e-03
2.787220000000000253e-01 1.000000000000000021e-02 1.000000000000000021e-03
2.827179999999999693e-01 1.990000000000000102e-02 1.000000000000000021e-03
2.987019999999999675e-01 1.000000000000000021e-02 1.000000000000000021e-03
2.947059999999999680e-01 1.990000000000000102e-02 1.000000000000000021e-03
2.777229999999999976e-01 1.000000000000000021e-02 1.000000000000000021e-03
2.817190000000000527e-01 1.990000000000000102e-02 1.000000000000000021e-03
2.957049999999999956e-01 1.990000000000000102e-02 1.000000000000000021e-03
2.807200000000000251e-01 1.990000000000000102e-02 1.000000000000000021e-03
2.767240000000000255e-01 1.000000000000000021e-02 1.000000000000000021e-03
2.997009999999999952e-01 1.000000000000000021e-02 1.000000000000000021e-03
2.797210000000000529e-01 1.990000000000000102e-02 1.000000000000000021e-03
2.877129999999999965e-01 2.980000000000000010e-02 1.000000000000000021e-03
2.887119999999999687e-01 2.980000000000000010e-02 1.000000000000000021e-03
2.867139999999999689e-01 2.980000000000000010e-02 1.000000000000000021e-03
2.897109999999999963e-01 2.980000000000000010e-02 1.000000000000000021e-03
2.857149999999999967e-01 2.980000000000000010e-02 1.000000000000000021e-03
2.757249999999999979e-01 1.000000000000000021e-02 1.000000000000000021e-03
2.907099999999999684e-01 2.980000000000000010e-02 1.000000000000000021e-03
2.847159999999999691e-01 2.980000000000000010e-02 1.000000000000000021e-03
2.967039999999999678e-01 1.990000000000000102e-02 1.000000000000000021e-03
2.787220000000000253e-01 1.990000000000000102e-02 1.000000000000000021e-03
2.917089999999999961e-01 2.980000000000000010e-02 1.000000000000000021e-03
2.837169999999999970e-01 2.980000000000000010e-02 1.000000000000000021e-03
2.747260000000000257e-01 1.000000000000000021e-02 1.000000000000000021e-03
2.827179999999999693e-01 2.980000000000000010e-02 1.000000000000000021e-03
2.777229999999999976e-01 1.990000000000000102e-02 1.000000000000000021e-03
2.927079999999999682e-01 2.980000000000000010e-02 1.000000000000000021e-03
2.817190000000000527e-01 2.980000000000000010e-02 1.000000000000000021e-03
2.977029999999999954e-01 1.990000000000000102e-02 1.000000000000000021e-03
2.937069999999999959e-01 2.980000000000000010e-02 1.000000000000000021e-03
2.737269999999999981e-01 1.000000000000000021e-02 1.000000000000000021e-03
2.767240000000000255e-01 1.990000000000000102e-02 1.000000000000000021e-03
2.807200000000000251e-01 2.980000000000000010e-02 1.000000000000000021e-03
3.006999999999999673e-01 1.000000000000000021e-02 1.000000000000000021e-03
2.797210000000000529e-01 2.980000000000000010e-02 1.000000000000000021e-03
2.757249999999999979e-01 1.990000000000000102e-02 1.000000000000000021e-03
2.727280000000000260e-01 1.000000000000000021e-02 1.000000000000000021e-03
2.787220000000000253e-01 2.980000000000000010e-02 1.000000000000000021e-03
2.947059999999999680e-01 2.980000000000000010e-02 1.000000000000000021e-03
2.747260000000000257e-01 1.990000000000000102e-02 1.000000000000000021e-03
2.717289999999999983e-01 1.000000000000000021e-02 1.000000000000000021e-03
2.867139999999999689e-01 3.969999999999999918e-02 1.000000000000000021e-03
2.857149999999999967e-01 3.969999999999999918e-02 1.000000000000000021e-03
2.777229999999999976e-01 2.980000000000000010e-02 1.000000000000000021e-03
2.847159999999999691e-01 3.969999999999999918e-02 1.000000000000000021e-03
2.877129999999999965e-01 3.969999999999999918e-02 1.000000000000000021e-03
2.837169999999999970e-01 3.969999999999999918e-02 1.000000000000000021e-03
2.887119999999999687e-01 3.969999999999999918e-02 1.000000000000000021e-03
2.737269999999999981e-01 1.990000000000000102e-02 1.000000000000000021e-03
2.707300000000000262e-01 1.000000000000000021e-02 1.000000000000000021e-03
2.767240000000000255e-01 2.980000000000000010e-02 1.000000000000000021e-03
2.827179999999999693e-01 3.969999999999999918e-02 1.000000000000000021e-03
2.897109999999999963e-01 3.969999999999999918e-02 1.000000000000000021e-03
2.817190000000000527e-01 3.969999999999999918e-02 1.000000000000000021e-03
2.727280000000000260e-01 1.990000000000000102e-02 1.000000000000000021e-03
2.757249999999999979e-01 2.980000000000000010e-02 1.000000000000000021e-03
2.697309999999999985e-01 1.000000000000000021e-02 1.000000000000000021e-03
2.807200000000000251e-01 3.969999999999999918e-02 1.000000000000000021e-03
2.797210000000000529e-01 3.969999999999999918e-02 1.000000000000000021e-03
2.907099999999999684e-01 3.969999999999999918e-02 1.000000000000000021e-03
2.717289999999999983e-01 1.990000000000000102e-02 1.000000000000000021e-03
2.747260000000000257e-01 2.980000000000000010e-02 1.000000000000000021e-03
2.687320000000000264e-01 1.000000000000000021e-02 1.000000000000000021e-03
2.787220000000000253e-01 3.969999999999999918e-02 1.000000000000000021e-03
2.707300000000000262e-01 1.990000000000000102e-02 1.000000000000000021e-03
2.737269999999999981e-01 2.980000000000000010e-02 1.000000000000000021e-03
2.677329999999999988e-01 1.000000000000000021e-02 1.000000000000000021e-03
2.777229999999999976e-01 3.969999999999999918e-02 1.000000000000000021e-03
2.697309999999999985e-01 1.990000000000000102e-02 1.000000000000000021e-03
2.727280000000000260e-01 2.980000000000000010e-02 1.000000000000000021e-03
2.767240000000000255e-01 3.969999999999999918e-02 1.000000000000000021e-03
2.667340000000000266e-01 1.000000000000000021e-02 1.000000000000000021e-03
2.757249999999999979e-01 3.969999999999999918e-02 1.000000000000000021e-03
2.687320000000000264e-01 1.990000000000000102e-02 1.000000000000000021e-03
2.717289999999999983e-01 2.980000000000000010e-02 1.000000000000000021e-03
2.657349999999999990e-01 1.000000000000000021e-02 1.000000000000000021e-03
2.747260000000000257e-01 3.969999999999999918e-02 1.000000000000000021e-03
2.707300000000000262e-01 2.980000000000000010e-02 1.000000000000000021e-03
2.677329999999999988e-01 1.990000000000000102e-02 1.000000000000000021e-03
2.647360000000000269e-01 1.000000000000000021e-02 1.000000000000000021e-03
2.737269999999999981e-01 3.969999999999999918e-02 1.000000000000000021e-03
2.697309999999999985e-01 2.980000000000000010e-02 1.000000000000000021e-03
2.667340000000000266e-01 1.990000000000000102e-02 1.000000000000000021e-03
2.817190000000000527e-01 4.960000000000000520e-02 1.000000000000000021e-03
2.807200000000000251e-01 4.960000000000000520e-02 1.000000000000000021e-03
2.637369999999999992e-01 1.000000000000000021e-02 1.000000000000000021e-03
2.727280000000000260e-01 3.969999999999999918e-02 1.000000000000000021e-03
2.687320000000000264e-01 2.980000000000000010e-02 1.000000000000000021e-03
2.657349999999999990e-01 1.990000000000000102e-02 1.000000000000000021e-03
2.797210000000000529e-01 4.960000000000000520e-02 1.000000000000000021e-03
2.827179999999999693e-01 4.960000000000000520e-02 1.000000000000000021e-03
2.787220000000000253e-01 4.960000000000000520e-02 1.000000000000000021e-03
2.627380000000000271e-01 1.000000000000000021e-02 1.000000000000000021e-03
2.717289999999999983e-01 3.969999999999999918e-02 1.000000000000000021e-03
2.677329999999999988e-01 2.980000000000000010e-02 1.000000000000000021e-03
2.647360000000000269e-01 1.990000000000000102e-02 1.000000000000000021e-03
2.777229999999999976e-01 4.960000000000000520e-02 1.000000000000000021e-03
2.707300000000000262e-01 3.969999999999999918e-02 1.000000000000000021e-03
2.617389999999999994e-01 1.000000000000000021e-02 1.000000000000000021e-03
2.667340000000000266e-01 2.980000000000000010e-02 1.000000000000000021e-03
2.637369999999999992e-01 1.990000000000000102e-02 1.000000000000000021e-03
2.767240000000000255e-01 4.960000000000000520e-02 1.000000000000000021e-03
2.607400000000000273e-01 1.000000000000000021e-02 1.000000000000000021e-03
2.697309999999999985e-01 3.969999999999999918e-02 1.000000000000000021e-03
2.657349999999999990e-01 2.980000000000000010e-02 1.000000000000000021e-03
2.627380000000000271e-01 1.990000000000000102e-02 1.000000000000000021e-03
2.757249999999999979e-01 4.960000000000000520e-02 1.000000000000000021e-03
2.597409999999999997e-01 1.000000000000000021e-02 1.000000000000000021e-03
2.687320000000000264e-01 3.969999999999999918e-02 1.000000000000000021e-03
2.647360000000000269e-01 2.980000000000000010e-02 1.000000000000000021e-03
2.617389999999999994e-01 1.990000000000000102e-02 1.000000000000000021e-03
2.747260000000000257e-01 4.960000000000000520e-02 1.000000000000000021e-03
2.587420000000000275e-01 1.000000000000000021e-02 1.000000000000000021e-03
2.677329999999999988e-01 3.969999999999999918e-02 1.000000000000000021e-03
2.637369999999999992e-01 2.980000000000000010e-02 1.000000000000000021e-03
2.607400000000000273e-01 1.990000000000000102e-02 1.000000000000000021e-03
2.577429999999999999e-01 1.000000000000000021e-02 1.000000000000000021e-03
2.667340000000000266e-01 3.969999999999999918e-02 1.000000000000000021e-03
2.737269999999999981e-01 4.960000000000000520e-02 1.000000000000000021e-03
2.597409999999999997e-01 1.990000000000000102e-02 1.000000000000000021e-03
2.627380000000000271e-01 2.980000000000000010e-02 1.000000000000000021e-03
2.567440000000000278e-01 1.000000000000000021e-02 1.000000000000000021e-03
2.657349999999999990e-01 3.969999999999999918e-02 1.000000000000000021e-03
2.587420000000000275e-01 1.990000000000000102e-02 1.000000000000000021e-03
2.617389999999999994e-01 2.980000000000000010e-02 1.000000000000000021e-03
2.557450000000000001e-01 1.000000000000000021e-02 1.000000000000000021e-03
2.577429999999999999e-01 1.990000000000000102e-02 1.000000000000000021e-03
2.607400000000000273e-01 2.980000000000000010e-02 1.000000000000000021e-03
2.647360000000000269e-01 3.969999999999999918e-02 1.000000000000000021e-03
2.547460000000000280e-01 1.000000000000000021e-02 1.000000000000000021e-03
2.567440000000000278e-01 1.990000000000000102e-02 1.000000000000000021e-03
2.597409999999999997e-01 2.980000000000000010e-02 1.000000000000000021e-03
2.537470000000000003e-01 1.000000000000000021e-02 1.000000000000000021e-03
2.637369999999999992e-01 3.969999999999999918e-02 1.000000000000000021e-03
2.557450000000000001e-01 1.990000000000000102e-02 1.000000000000000021e-03
2.587420000000000275e-01 2.980000000000000010e-02 1.000000000000000021e-03
2.527480000000000282e-01 1.000000000000000021e-02 1.000000000000000021e-03
2.627380000000000271e-01 3.969999999999999918e-02 1.000000000000000021e-03
2.547460000000000280e-01 1.990000000000000102e-02 1.000000000000000021e-03
2.517490000000000006e-01 1.000000000000000021e-02 1.000000000000000021e-03
2.577429999999999999e-01 2.980000000000000010e-02 1.000000000000000021e-03
2.617389999999999994e-01 3.969999999999999918e-02 1.000000000000000021e-03
2.537470000000000003e-01 1.990000000000000102e-02 1.000000000000000021e-03
2.507499999999999729e-01 1.000000000000000021e-02 1.000000000000000021e-03
2.567440000000000278e-01 2.980000000000000010e-02 1.000000000000000021e-03
2.607400000000000273e-01 3.969999999999999918e-02 1.000000000000000021e-03
2.527480000000000282e-01 1.990000000000000102e-02 1.000000000000000021e-03
2.497510000000000008e-01 1.000000000000000021e-02 1.000000000000000021e-03
2.557450000000000001e-01 2.980000000000000010e-02 1.000000000000000021e-03
2.517490000000000006e-01 1.990000000000000102e-02 1.000000000000000021e-03
2.487520000000000009e-01 1.000000000000000021e-02 1.000000000000000021e-03
2.547460000000000280e-01 2.980000000000000010e-02 1.000000000000000021e-03
2.597409999999999997e-01 3.969999999999999918e-02 1.000000000000000021e-03
2.507499999999999729e-01 1.990000000000000102e-02 1.000000000000000021e-03
2.477530000000000010e-01 1.000000000000000021e-02 1.000000000000000021e-03
2.537470000000000003e-01 2.980000000000000010e-02 1.000000000000000021e-03
2.587420000000000275e-01 3.969999999999999918e-02 1.000000000000000021e-03
2.467540000000000011e-01 1.000000000000000021e-02 1.000000000000000021e-03
2.497510000000000008e-01 1.990000000000000102e-02 1.000000000000000021e-03
2.527480000000000282e-01 2.980000000000000010e-02 1.000000000000000021e-03
2.457550000000000012e-01 1.000000000000000021e-02 1.000000000000000021e-03
2.487520000000000009e-01 1.990000000000000102e-02 1.000000000000000021e-03
2.577429999999999999e-01 3.969999999999999918e-02 1.000000000000000021e-03
2.517490000000000006e-01 2.980000000000000010e-02 1.000000000000000021e-03
2.447560000000000013e-01 1.000000000000000021e-02 1.000000000000000021e-03
2.477530000000000010e-01 1.990000000000000102e-02 1.000000000000000021e-03
