7.854999999999999760e-01
8.102000000000000313e-01
1.089999999999999858e-01
7.440999999999999837e-01
8.539999999999999813e-01
8.854999999999999538e-01
8.854999999999999538e-01
8.853999999999999648e-01
8.859000000000000208e-01
8.853999999999999648e-01
8.852999999999999758e-01
8.859000000000000208e-01
8.850000000000000089e-01
8.859000000000000208e-01
8.849000000000000199e-01
8.860999999999999988e-01
8.848000000000000309e-01
8.861999999999999877e-01
8.847000000000000419e-01
8.862999999999999767e-01
8.846000000000000529e-01
8.863999999999999657e-01
8.851999999999999869e-01
8.849000000000000199e-01
8.850999999999999979e-01
8.848000000000000309e-01
8.851999999999999869e-01
8.846000000000000529e-01
8.852999999999999758e-01
8.864999999999999547e-01
8.842999999999999750e-01
8.854999999999999538e-01
8.844999999999999529e-01
8.855999999999999428e-01
8.842999999999999750e-01
8.863999999999999657e-01
8.857000000000000428e-01
8.840999999999999970e-01
8.842999999999999750e-01
8.866000000000000547e-01
8.859000000000000208e-01
8.841999999999999860e-01
8.860000000000000098e-01
8.868000000000000327e-01
8.837000000000000410e-01
8.859000000000000208e-01
8.846000000000000529e-01
8.846000000000000529e-01
8.843999999999999639e-01
8.842999999999999750e-01
8.847000000000000419e-01
8.869000000000000217e-01
8.840999999999999970e-01
8.850999999999999979e-01
8.841999999999999860e-01
8.860000000000000098e-01
8.842999999999999750e-01
8.850000000000000089e-01
8.871999999999999886e-01
8.850999999999999979e-01
8.860999999999999988e-01
8.841999999999999860e-01
8.853999999999999648e-01
8.840999999999999970e-01
8.841999999999999860e-01
8.872999999999999776e-01
8.863999999999999657e-01
8.855999999999999428e-01
8.837000000000000410e-01
8.857000000000000428e-01
8.868000000000000327e-01
8.878000000000000336e-01
8.858000000000000318e-01
8.840000000000000080e-01
8.870999999999999996e-01
8.879000000000000226e-01
8.838000000000000300e-01
8.841999999999999860e-01
8.859000000000000208e-01
8.842999999999999750e-01
8.838000000000000300e-01
8.843999999999999639e-01
8.838000000000000300e-01
8.870999999999999996e-01
8.879000000000000226e-01
8.861999999999999877e-01
8.844999999999999529e-01
8.835999999999999410e-01
8.846000000000000529e-01
8.878000000000000336e-01
8.862999999999999767e-01
8.880000000000000115e-01
8.850000000000000089e-01
8.851999999999999869e-01
8.833999999999999631e-01
8.878000000000000336e-01
8.864999999999999547e-01
8.881999999999999895e-01
8.853999999999999648e-01
8.878000000000000336e-01
8.868000000000000327e-01
8.884999999999999565e-01
8.853999999999999648e-01
8.880000000000000115e-01
8.873999999999999666e-01
8.855999999999999428e-01
8.883999999999999675e-01
8.860000000000000098e-01
8.882999999999999785e-01
8.874999999999999556e-01
8.886000000000000565e-01
8.863999999999999657e-01
8.873999999999999666e-01
8.882999999999999785e-01
8.888000000000000345e-01
8.863999999999999657e-01
8.877000000000000446e-01
8.882999999999999785e-01
8.841999999999999860e-01
8.843999999999999639e-01
8.887000000000000455e-01
8.869000000000000217e-01
8.878000000000000336e-01
8.882999999999999785e-01
8.849000000000000199e-01
8.841999999999999860e-01
8.850999999999999979e-01
8.891000000000000014e-01
8.872999999999999776e-01
8.879000000000000226e-01
8.883999999999999675e-01
8.850999999999999979e-01
8.871999999999999886e-01
8.894999999999999574e-01
8.879000000000000226e-01
8.888000000000000345e-01
8.852999999999999758e-01
8.898000000000000353e-01
8.873999999999999666e-01
8.879000000000000226e-01
8.890000000000000124e-01
8.855999999999999428e-01
8.899000000000000243e-01
8.875999999999999446e-01
8.882999999999999785e-01
8.891999999999999904e-01
8.859000000000000208e-01
8.901999999999999913e-01
8.877000000000000446e-01
8.888000000000000345e-01
8.893999999999999684e-01
8.906000000000000583e-01
8.878000000000000336e-01
8.861999999999999877e-01
8.894999999999999574e-01
8.891999999999999904e-01
8.908000000000000362e-01
8.878000000000000336e-01
8.897000000000000464e-01
8.891000000000000014e-01
8.909000000000000252e-01
8.898000000000000353e-01
8.891000000000000014e-01
8.880000000000000115e-01
8.908000000000000362e-01
8.901999999999999913e-01
8.891999999999999904e-01
8.908000000000000362e-01
8.881000000000000005e-01
8.904999999999999583e-01
8.894999999999999574e-01
8.909000000000000252e-01
8.883999999999999675e-01
8.907000000000000473e-01
8.911999999999999922e-01
8.894999999999999574e-01
8.886000000000000565e-01
8.908000000000000362e-01
8.914999999999999591e-01
8.897000000000000464e-01
8.886000000000000565e-01
8.906000000000000583e-01
8.917000000000000481e-01
8.901000000000000023e-01
8.908000000000000362e-01
8.922999999999999821e-01
8.901999999999999913e-01
8.887000000000000455e-01
8.908000000000000362e-01
8.923999999999999710e-01
8.904999999999999583e-01
8.889000000000000234e-01
8.922999999999999821e-01
8.910000000000000142e-01
8.904999999999999583e-01
8.922999999999999821e-01
8.912999999999999812e-01
8.892999999999999794e-01
8.903999999999999693e-01
8.923999999999999710e-01
