1.418589999999999851e-01 9.010000000000000231e-01 8.200000000000002426e-03
3.076929999999999943e-01 1.387000000000000177e-01 7.300000000000000065e-03
9.990010000000000279e-01 1.000000000000000021e-02 1.000000000000000021e-03
1.000000000000000021e-03 1.000000000000000021e-02 9.100000000000000450e-03
1.998999999999999909e-03 1.000000000000000021e-02 9.100000000000000450e-03
2.998000000000000231e-03 1.000000000000000021e-02 9.100000000000000450e-03
3.997000000000000552e-03 1.000000000000000021e-02 9.100000000000000450e-03
4.996000000000000441e-03 1.000000000000000021e-02 9.100000000000000450e-03
5.995000000000000329e-03 1.000000000000000021e-02 9.100000000000000450e-03
6.994000000000000217e-03 1.000000000000000021e-02 9.100000000000000450e-03
7.993000000000000105e-03 1.000000000000000021e-02 9.100000000000000450e-03
8.991999999999999993e-03 1.000000000000000021e-02 9.100000000000000450e-03
9.990999999999999881e-03 1.000000000000000021e-02 9.100000000000000450e-03
1.098999999999999977e-02 1.000000000000000021e-02 9.100000000000000450e-03
1.198899999999999966e-02 1.000000000000000021e-02 9.100000000000000450e-03
1.298799999999999955e-02 1.000000000000000021e-02 9.100000000000000450e-03
1.398699999999999943e-02 1.000000000000000021e-02 9.100000000000000450e-03
1.498599999999999932e-02 1.000000000000000021e-02 9.100000000000000450e-03
1.598499999999999921e-02 1.000000000000000021e-02 9.100000000000000450e-03
1.698400000000000257e-02 1.000000000000000021e-02 9.100000000000000450e-03
1.798300000000000246e-02 1.000000000000000021e-02 9.100000000000000450e-03
1.898199999999999887e-02 1.000000000000000021e-02 9.100000000000000450e-03
1.998099999999999876e-02 1.000000000000000021e-02 9.100000000000000450e-03
2.098000000000000212e-02 1.000000000000000021e-02 9.100000000000000450e-03
2.197900000000000201e-02 1.000000000000000021e-02 9.100000000000000450e-03
2.297799999999999843e-02 1.000000000000000021e-02 9.100000000000000450e-03
2.397700000000000178e-02 1.000000000000000021e-02 9.100000000000000450e-03
2.497600000000000167e-02 1.000000000000000021e-02 9.100000000000000450e-03
1.000000000000000021e-03 1.990000000000000102e-02 9.100000000000000450e-03
2.597500000000000156e-02 1.000000000000000021e-02 9.100000000000000450e-03
1.998999999999999909e-03 1.990000000000000102e-02 9.100000000000000450e-03
2.697399999999999798e-02 1.000000000000000021e-02 9.100000000000000450e-03
2.998000000000000231e-03 1.990000000000000102e-02 9.100000000000000450e-03
2.797300000000000134e-02 1.000000000000000021e-02 9.100000000000000450e-03
3.997000000000000552e-03 1.990000000000000102e-02 9.100000000000000450e-03
2.897200000000000122e-02 1.000000000000000021e-02 9.100000000000000450e-03
4.996000000000000441e-03 1.990000000000000102e-02 9.100000000000000450e-03
2.997100000000000111e-02 1.000000000000000021e-02 9.100000000000000450e-03
5.995000000000000329e-03 1.990000000000000102e-02 9.100000000000000450e-03
3.097000000000000100e-02 1.000000000000000021e-02 9.100000000000000450e-03
6.994000000000000217e-03 1.990000000000000102e-02 9.100000000000000450e-03
3.196899999999999742e-02 1.000000000000000021e-02 9.100000000000000450e-03
7.993000000000000105e-03 1.990000000000000102e-02 9.100000000000000450e-03
3.296800000000000425e-02 1.000000000000000021e-02 9.100000000000000450e-03
8.991999999999999993e-03 1.990000000000000102e-02 9.100000000000000450e-03
3.396700000000000413e-02 1.000000000000000021e-02 9.100000000000000450e-03
9.990999999999999881e-03 1.990000000000000102e-02 9.100000000000000450e-03
3.496600000000000402e-02 1.000000000000000021e-02 9.100000000000000450e-03
1.098999999999999977e-02 1.990000000000000102e-02 9.100000000000000450e-03
3.596500000000000391e-02 1.000000000000000021e-02 9.100000000000000450e-03
1.198899999999999966e-02 1.990000000000000102e-02 9.100000000000000450e-03
3.696399999999999686e-02 1.000000000000000021e-02 9.100000000000000450e-03
1.298799999999999955e-02 1.990000000000000102e-02 9.100000000000000450e-03
1.398699999999999943e-02 1.990000000000000102e-02 9.100000000000000450e-03
3.796299999999999675e-02 1.000000000000000021e-02 9.100000000000000450e-03
1.498599999999999932e-02 1.990000000000000102e-02 9.100000000000000450e-03
3.896199999999999664e-02 1.000000000000000021e-02 9.100000000000000450e-03
1.598499999999999921e-02 1.990000000000000102e-02 9.100000000000000450e-03
3.996100000000000346e-02 1.000000000000000021e-02 9.100000000000000450e-03
1.698400000000000257e-02 1.990000000000000102e-02 9.100000000000000450e-03
4.096000000000000335e-02 1.000000000000000021e-02 9.100000000000000450e-03
1.798300000000000246e-02 1.990000000000000102e-02 9.100000000000000450e-03
4.195900000000000324e-02 1.000000000000000021e-02 9.100000000000000450e-03
1.898199999999999887e-02 1.990000000000000102e-02 9.100000000000000450e-03
4.295800000000000313e-02 1.000000000000000021e-02 9.100000000000000450e-03
1.998099999999999876e-02 1.990000000000000102e-02 9.100000000000000450e-03
4.395699999999999608e-02 1.000000000000000021e-02 9.100000000000000450e-03
2.098000000000000212e-02 1.990000000000000102e-02 9.100000000000000450e-03
4.495599999999999596e-02 1.000000000000000021e-02 9.100000000000000450e-03
2.197900000000000201e-02 1.990000000000000102e-02 9.100000000000000450e-03
4.595499999999999585e-02 1.000000000000000021e-02 9.100000000000000450e-03
2.297799999999999843e-02 1.990000000000000102e-02 9.100000000000000450e-03
4.695400000000000268e-02 1.000000000000000021e-02 9.100000000000000450e-03
2.397700000000000178e-02 1.990000000000000102e-02 9.100000000000000450e-03
4.795300000000000257e-02 1.000000000000000021e-02 9.100000000000000450e-03
1.000000000000000021e-03 2.980000000000000010e-02 9.100000000000000450e-03
2.497600000000000167e-02 1.990000000000000102e-02 9.100000000000000450e-03
1.998999999999999909e-03 2.980000000000000010e-02 9.100000000000000450e-03
4.895200000000000246e-02 1.000000000000000021e-02 9.100000000000000450e-03
2.597500000000000156e-02 1.990000000000000102e-02 9.100000000000000450e-03
2.998000000000000231e-03 2.980000000000000010e-02 9.100000000000000450e-03
4.995100000000000234e-02 1.000000000000000021e-02 9.100000000000000450e-03
2.697399999999999798e-02 1.990000000000000102e-02 9.100000000000000450e-03
3.997000000000000552e-03 2.980000000000000010e-02 9.100000000000000450e-03
2.797300000000000134e-02 1.990000000000000102e-02 9.100000000000000450e-03
5.095000000000000223e-02 1.000000000000000021e-02 9.100000000000000450e-03
4.996000000000000441e-03 2.980000000000000010e-02 9.100000000000000450e-03
2.897200000000000122e-02 1.990000000000000102e-02 9.100000000000000450e-03
5.995000000000000329e-03 2.980000000000000010e-02 9.100000000000000450e-03
5.194899999999999518e-02 1.000000000000000021e-02 9.100000000000000450e-03
6.994000000000000217e-03 2.980000000000000010e-02 9.100000000000000450e-03
2.997100000000000111e-02 1.990000000000000102e-02 9.100000000000000450e-03
5.294799999999999507e-02 1.000000000000000021e-02 9.100000000000000450e-03
7.993000000000000105e-03 2.980000000000000010e-02 9.100000000000000450e-03
3.097000000000000100e-02 1.990000000000000102e-02 9.100000000000000450e-03
5.394700000000000190e-02 1.000000000000000021e-02 9.100000000000000450e-03
8.991999999999999993e-03 2.980000000000000010e-02 9.100000000000000450e-03
3.196899999999999742e-02 1.990000000000000102e-02 9.100000000000000450e-03
5.494600000000000178e-02 1.000000000000000021e-02 9.100000000000000450e-03
9.990999999999999881e-03 2.980000000000000010e-02 9.100000000000000450e-03
3.296800000000000425e-02 1.990000000000000102e-02 9.100000000000000450e-03
1.098999999999999977e-02 2.980000000000000010e-02 9.100000000000000450e-03
5.594500000000000167e-02 1.000000000000000021e-02 9.100000000000000450e-03
3.396700000000000413e-02 1.990000000000000102e-02 9.100000000000000450e-03
1.198899999999999966e-02 2.980000000000000010e-02 9.100000000000000450e-03
5.694400000000000156e-02 1.000000000000000021e-02 9.100000000000000450e-03
3.496600000000000402e-02 1.990000000000000102e-02 9.100000000000000450e-03
1.298799999999999955e-02 2.980000000000000010e-02 9.100000000000000450e-03
5.794300000000000145e-02 1.000000000000000021e-02 9.100000000000000450e-03
3.596500000000000391e-02 1.990000000000000102e-02 9.100000000000000450e-03
1.398699999999999943e-02 2.980000000000000010e-02 9.100000000000000450e-03
5.894200000000000134e-02 1.000000000000000021e-02 9.100000000000000450e-03
3.696399999999999686e-02 1.990000000000000102e-02 9.100000000000000450e-03
1.000000000000000021e-03 1.000000000000000021e-02 8.200000000000002426e-03
1.998999999999999909e-03 1.000000000000000021e-02 8.200000000000002426e-03
2.998000000000000231e-03 1.000000000000000021e-02 8.200000000000002426e-03
3.997000000000000552e-03 1.000000000000000021e-02 8.200000000000002426e-03
4.996000000000000441e-03 1.000000000000000021e-02 8.200000000000002426e-03
5.995000000000000329e-03 1.000000000000000021e-02 8.200000000000002426e-03
6.994000000000000217e-03 1.000000000000000021e-02 8.200000000000002426e-03
7.993000000000000105e-03 1.000000000000000021e-02 8.200000000000002426e-03
8.991999999999999993e-03 1.000000000000000021e-02 8.200000000000002426e-03
9.990999999999999881e-03 1.000000000000000021e-02 8.200000000000002426e-03
1.098999999999999977e-02 1.000000000000000021e-02 8.200000000000002426e-03
1.198899999999999966e-02 1.000000000000000021e-02 8.200000000000002426e-03
1.298799999999999955e-02 1.000000000000000021e-02 8.200000000000002426e-03
1.398699999999999943e-02 1.000000000000000021e-02 8.200000000000002426e-03
1.498599999999999932e-02 1.000000000000000021e-02 8.200000000000002426e-03
1.498599999999999932e-02 2.980000000000000010e-02 9.100000000000000450e-03
1.598499999999999921e-02 1.000000000000000021e-02 8.200000000000002426e-03
1.698400000000000257e-02 1.000000000000000021e-02 8.200000000000002426e-03
1.598499999999999921e-02 2.980000000000000010e-02 9.100000000000000450e-03
1.798300000000000246e-02 1.000000000000000021e-02 8.200000000000002426e-03
1.898199999999999887e-02 1.000000000000000021e-02 8.200000000000002426e-03
1.698400000000000257e-02 2.980000000000000010e-02 9.100000000000000450e-03
1.998099999999999876e-02 1.000000000000000021e-02 8.200000000000002426e-03
1.000000000000000021e-03 1.990000000000000102e-02 8.200000000000002426e-03
1.998999999999999909e-03 1.990000000000000102e-02 8.200000000000002426e-03
2.098000000000000212e-02 1.000000000000000021e-02 8.200000000000002426e-03
2.998000000000000231e-03 1.990000000000000102e-02 8.200000000000002426e-03
2.197900000000000201e-02 1.000000000000000021e-02 8.200000000000002426e-03
3.997000000000000552e-03 1.990000000000000102e-02 8.200000000000002426e-03
2.297799999999999843e-02 1.000000000000000021e-02 8.200000000000002426e-03
4.996000000000000441e-03 1.990000000000000102e-02 8.200000000000002426e-03
2.397700000000000178e-02 1.000000000000000021e-02 8.200000000000002426e-03
5.995000000000000329e-03 1.990000000000000102e-02 8.200000000000002426e-03
2.497600000000000167e-02 1.000000000000000021e-02 8.200000000000002426e-03
6.994000000000000217e-03 1.990000000000000102e-02 8.200000000000002426e-03
1.798300000000000246e-02 2.980000000000000010e-02 9.100000000000000450e-03
7.993000000000000105e-03 1.990000000000000102e-02 8.200000000000002426e-03
2.597500000000000156e-02 1.000000000000000021e-02 8.200000000000002426e-03
8.991999999999999993e-03 1.990000000000000102e-02 8.200000000000002426e-03
2.697399999999999798e-02 1.000000000000000021e-02 8.200000000000002426e-03
9.990999999999999881e-03 1.990000000000000102e-02 8.200000000000002426e-03
2.797300000000000134e-02 1.000000000000000021e-02 8.200000000000002426e-03
1.898199999999999887e-02 2.980000000000000010e-02 9.100000000000000450e-03
1.000000000000000021e-03 3.969999999999999918e-02 9.100000000000000450e-03
1.000000000000000021e-03 1.000000000000000021e-02 7.300000000000000065e-03
1.998999999999999909e-03 1.000000000000000021e-02 7.300000000000000065e-03
2.998000000000000231e-03 1.000000000000000021e-02 7.300000000000000065e-03
3.997000000000000552e-03 1.000000000000000021e-02 7.300000000000000065e-03
4.996000000000000441e-03 1.000000000000000021e-02 7.300000000000000065e-03
5.995000000000000329e-03 1.000000000000000021e-02 7.300000000000000065e-03
6.994000000000000217e-03 1.000000000000000021e-02 7.300000000000000065e-03
7.993000000000000105e-03 1.000000000000000021e-02 7.300000000000000065e-03
1.098999999999999977e-02 1.990000000000000102e-02 8.200000000000002426e-03
8.991999999999999993e-03 1.000000000000000021e-02 7.300000000000000065e-03
9.990999999999999881e-03 1.000000000000000021e-02 7.300000000000000065e-03
1.198899999999999966e-02 1.990000000000000102e-02 8.200000000000002426e-03
1.098999999999999977e-02 1.000000000000000021e-02 7.300000000000000065e-03
1.198899999999999966e-02 1.000000000000000021e-02 7.300000000000000065e-03
2.897200000000000122e-02 1.000000000000000021e-02 8.200000000000002426e-03
1.298799999999999955e-02 1.990000000000000102e-02 8.200000000000002426e-03
1.298799999999999955e-02 1.000000000000000021e-02 7.300000000000000065e-03
1.398699999999999943e-02 1.000000000000000021e-02 7.300000000000000065e-03
2.997100000000000111e-02 1.000000000000000021e-02 8.200000000000002426e-03
1.398699999999999943e-02 1.990000000000000102e-02 8.200000000000002426e-03
1.498599999999999932e-02 1.000000000000000021e-02 7.300000000000000065e-03
1.598499999999999921e-02 1.000000000000000021e-02 7.300000000000000065e-03
1.000000000000000021e-03 1.000000000000000021e-02 6.400000000000000307e-03
1.998999999999999909e-03 1.000000000000000021e-02 6.400000000000000307e-03
2.998000000000000231e-03 1.000000000000000021e-02 6.400000000000000307e-03
3.997000000000000552e-03 1.000000000000000021e-02 6.400000000000000307e-03
4.996000000000000441e-03 1.000000000000000021e-02 6.400000000000000307e-03
1.000000000000000021e-03 1.990000000000000102e-02 7.300000000000000065e-03
5.995000000000000329e-03 1.000000000000000021e-02 6.400000000000000307e-03
6.994000000000000217e-03 1.000000000000000021e-02 6.400000000000000307e-03
1.698400000000000257e-02 1.000000000000000021e-02 7.300000000000000065e-03
7.993000000000000105e-03 1.000000000000000021e-02 6.400000000000000307e-03
1.998999999999999909e-03 1.990000000000000102e-02 7.300000000000000065e-03
8.991999999999999993e-03 1.000000000000000021e-02 6.400000000000000307e-03
9.990999999999999881e-03 1.000000000000000021e-02 6.400000000000000307e-03
1.000000000000000021e-03 1.000000000000000021e-02 5.500000000000000548e-03
1.998999999999999909e-03 1.000000000000000021e-02 5.500000000000000548e-03
2.998000000000000231e-03 1.000000000000000021e-02 5.500000000000000548e-03
3.997000000000000552e-03 1.000000000000000021e-02 5.500000000000000548e-03
4.996000000000000441e-03 1.000000000000000021e-02 5.500000000000000548e-03
5.995000000000000329e-03 1.000000000000000021e-02 5.500000000000000548e-03
1.098999999999999977e-02 1.000000000000000021e-02 6.400000000000000307e-03
1.000000000000000021e-03 1.000000000000000021e-02 4.600000000000000790e-03
1.998999999999999909e-03 1.000000000000000021e-02 4.600000000000000790e-03
