1.128880000000000022e-01 6.633999999999999897e-01 7.300000000000000065e-03
1.588420000000000110e-01 3.969999999999999918e-02 1.900000000000000213e-03
9.990010000000000279e-01 9.900999999999999801e-01 1.000000000000000021e-03
4.955049999999999732e-01 9.900999999999999801e-01 9.100000000000000450e-03
1.000000000000000021e-03 1.000000000000000021e-02 1.000000000000000021e-03
9.990010000000000279e-01 3.366999999999999993e-01 9.100000000000000450e-03
1.000000000000000021e-03 5.149000000000000243e-01 1.000000000000000021e-03
9.990010000000000279e-01 1.000000000000000021e-02 1.000000000000000021e-03
1.000000000000000021e-03 2.377000000000000224e-01 1.000000000000000021e-03
1.000000000000000021e-03 3.466000000000000192e-01 9.100000000000000450e-03
1.000000000000000021e-03 1.000000000000000021e-02 9.100000000000000450e-03
1.000000000000000021e-03 4.455999999999999961e-01 1.000000000000000021e-03
1.000000000000000021e-03 1.882000000000000062e-01 9.100000000000000450e-03
1.000000000000000021e-03 2.278000000000000025e-01 1.000000000000000021e-03
1.000000000000000021e-03 4.753000000000000003e-01 9.100000000000000450e-03
1.998999999999999909e-03 1.000000000000000021e-02 9.100000000000000450e-03
1.000000000000000021e-03 3.961000000000000076e-01 1.000000000000000021e-03
1.998999999999999909e-03 1.000000000000000021e-02 1.000000000000000021e-03
1.000000000000000021e-03 1.980999999999999983e-01 1.000000000000000021e-03
1.000000000000000021e-03 4.851999999999999647e-01 1.000000000000000021e-03
1.000000000000000021e-03 3.564999999999999836e-01 9.100000000000000450e-03
2.998000000000000231e-03 1.000000000000000021e-02 1.000000000000000021e-03
1.000000000000000021e-03 2.080000000000000182e-01 1.000000000000000021e-03
1.000000000000000021e-03 4.060000000000000275e-01 1.000000000000000021e-03
2.998000000000000231e-03 1.000000000000000021e-02 9.100000000000000450e-03
1.000000000000000021e-03 1.783000000000000140e-01 9.100000000000000450e-03
1.000000000000000021e-03 3.564999999999999836e-01 1.000000000000000021e-03
3.997000000000000552e-03 1.000000000000000021e-02 1.000000000000000021e-03
1.000000000000000021e-03 4.654000000000000359e-01 9.100000000000000450e-03
1.000000000000000021e-03 1.783000000000000140e-01 1.000000000000000021e-03
1.000000000000000021e-03 4.158999999999999919e-01 1.000000000000000021e-03
4.996000000000000441e-03 1.000000000000000021e-02 1.000000000000000021e-03
1.000000000000000021e-03 1.882000000000000062e-01 1.000000000000000021e-03
1.000000000000000021e-03 3.664000000000000035e-01 1.000000000000000021e-03
3.997000000000000552e-03 1.000000000000000021e-02 9.100000000000000450e-03
1.000000000000000021e-03 5.248000000000000442e-01 1.000000000000000021e-03
1.000000000000000021e-03 3.961000000000000076e-01 9.100000000000000450e-03
1.000000000000000021e-03 1.585000000000000020e-01 1.000000000000000021e-03
1.000000000000000021e-03 3.763000000000000234e-01 1.000000000000000021e-03
5.995000000000000329e-03 1.000000000000000021e-02 1.000000000000000021e-03
1.000000000000000021e-03 3.466000000000000192e-01 1.000000000000000021e-03
1.000000000000000021e-03 1.486000000000000099e-01 1.000000000000000021e-03
1.000000000000000021e-03 4.753000000000000003e-01 1.000000000000000021e-03
6.994000000000000217e-03 1.000000000000000021e-02 1.000000000000000021e-03
1.000000000000000021e-03 1.684000000000000219e-01 9.100000000000000450e-03
1.000000000000000021e-03 3.366999999999999993e-01 1.000000000000000021e-03
1.000000000000000021e-03 3.861999999999999877e-01 1.000000000000000021e-03
7.993000000000000105e-03 1.000000000000000021e-02 1.000000000000000021e-03
1.000000000000000021e-03 1.684000000000000219e-01 1.000000000000000021e-03
1.000000000000000021e-03 4.258000000000000118e-01 9.100000000000000450e-03
4.996000000000000441e-03 1.000000000000000021e-02 9.100000000000000450e-03
1.000000000000000021e-03 3.268000000000000349e-01 1.000000000000000021e-03
1.000000000000000021e-03 4.654000000000000359e-01 1.000000000000000021e-03
1.000000000000000021e-03 1.387000000000000177e-01 1.000000000000000021e-03
8.991999999999999993e-03 1.000000000000000021e-02 1.000000000000000021e-03
1.000000000000000021e-03 3.169000000000000150e-01 1.000000000000000021e-03
1.000000000000000021e-03 4.258000000000000118e-01 1.000000000000000021e-03
1.000000000000000021e-03 1.287999999999999978e-01 1.000000000000000021e-03
1.000000000000000021e-03 3.069999999999999951e-01 1.000000000000000021e-03
9.990999999999999881e-03 1.000000000000000021e-02 1.000000000000000021e-03
1.000000000000000021e-03 4.356999999999999762e-01 1.000000000000000021e-03
1.000000000000000021e-03 3.366999999999999993e-01 9.100000000000000450e-03
1.998999999999999909e-03 1.486000000000000099e-01 1.000000000000000021e-03
1.998999999999999909e-03 3.763000000000000234e-01 1.000000000000000021e-03
1.000000000000000021e-03 1.990000000000000102e-02 1.000000000000000021e-03
5.995000000000000329e-03 1.000000000000000021e-02 9.100000000000000450e-03
1.000000000000000021e-03 2.970999999999999752e-01 1.000000000000000021e-03
1.998999999999999909e-03 1.387000000000000177e-01 1.000000000000000021e-03
1.000000000000000021e-03 4.555000000000000160e-01 1.000000000000000021e-03
1.998999999999999909e-03 3.664000000000000035e-01 1.000000000000000021e-03
1.998999999999999909e-03 1.990000000000000102e-02 1.000000000000000021e-03
1.998999999999999909e-03 1.585000000000000020e-01 1.000000000000000021e-03
1.998999999999999909e-03 3.861999999999999877e-01 1.000000000000000021e-03
1.000000000000000021e-03 4.060000000000000275e-01 9.100000000000000450e-03
1.000000000000000021e-03 2.872000000000000108e-01 1.000000000000000021e-03
1.098999999999999977e-02 1.000000000000000021e-02 1.000000000000000021e-03
9.990010000000000279e-01 1.000000000000000021e-02 9.100000000000000450e-03
1.000000000000000021e-03 1.188999999999999918e-01 1.000000000000000021e-03
1.998999999999999909e-03 3.564999999999999836e-01 1.000000000000000021e-03
1.998999999999999909e-03 3.961000000000000076e-01 1.000000000000000021e-03
1.998999999999999909e-03 1.684000000000000219e-01 1.000000000000000021e-03
2.998000000000000231e-03 1.990000000000000102e-02 1.000000000000000021e-03
1.000000000000000021e-03 2.773000000000000465e-01 1.000000000000000021e-03
1.998999999999999909e-03 4.060000000000000275e-01 1.000000000000000021e-03
1.998999999999999909e-03 1.287999999999999978e-01 1.000000000000000021e-03
1.998999999999999909e-03 3.466000000000000192e-01 1.000000000000000021e-03
3.997000000000000552e-03 1.990000000000000102e-02 1.000000000000000021e-03
1.998999999999999909e-03 4.158999999999999919e-01 1.000000000000000021e-03
1.000000000000000021e-03 2.674000000000000266e-01 1.000000000000000021e-03
1.000000000000000021e-03 1.089999999999999997e-01 1.000000000000000021e-03
1.998999999999999909e-03 3.366999999999999993e-01 1.000000000000000021e-03
1.000000000000000021e-03 1.585000000000000020e-01 9.100000000000000450e-03
1.198899999999999966e-02 1.000000000000000021e-02 1.000000000000000021e-03
1.998999999999999909e-03 4.258000000000000118e-01 1.000000000000000021e-03
1.998999999999999909e-03 3.268000000000000349e-01 1.000000000000000021e-03
1.998999999999999909e-03 1.188999999999999918e-01 1.000000000000000021e-03
1.998999999999999909e-03 3.169000000000000150e-01 1.000000000000000021e-03
4.996000000000000441e-03 1.990000000000000102e-02 1.000000000000000021e-03
1.000000000000000021e-03 4.158999999999999919e-01 9.100000000000000450e-03
1.000000000000000021e-03 2.179000000000000103e-01 1.000000000000000021e-03
1.998999999999999909e-03 4.356999999999999762e-01 1.000000000000000021e-03
1.000000000000000021e-03 2.980000000000000010e-02 1.000000000000000021e-03
2.998000000000000231e-03 3.763000000000000234e-01 1.000000000000000021e-03
1.000000000000000021e-03 2.575000000000000067e-01 1.000000000000000021e-03
1.000000000000000021e-03 9.909999999999999365e-02 1.000000000000000021e-03
2.998000000000000231e-03 3.861999999999999877e-01 1.000000000000000021e-03
2.998000000000000231e-03 3.664000000000000035e-01 1.000000000000000021e-03
1.998999999999999909e-03 1.783000000000000140e-01 1.000000000000000021e-03
1.298799999999999955e-02 1.000000000000000021e-02 1.000000000000000021e-03
2.998000000000000231e-03 3.961000000000000076e-01 1.000000000000000021e-03
1.998999999999999909e-03 3.069999999999999951e-01 1.000000000000000021e-03
1.998999999999999909e-03 1.089999999999999997e-01 1.000000000000000021e-03
2.998000000000000231e-03 3.564999999999999836e-01 1.000000000000000021e-03
5.995000000000000329e-03 1.990000000000000102e-02 1.000000000000000021e-03
2.998000000000000231e-03 4.060000000000000275e-01 1.000000000000000021e-03
1.000000000000000021e-03 2.475999999999999868e-01 1.000000000000000021e-03
6.994000000000000217e-03 1.000000000000000021e-02 9.100000000000000450e-03
2.998000000000000231e-03 1.287999999999999978e-01 1.000000000000000021e-03
2.998000000000000231e-03 3.466000000000000192e-01 1.000000000000000021e-03
1.998999999999999909e-03 2.980000000000000010e-02 1.000000000000000021e-03
2.998000000000000231e-03 4.158999999999999919e-01 1.000000000000000021e-03
1.000000000000000021e-03 3.664000000000000035e-01 9.100000000000000450e-03
1.998999999999999909e-03 2.970999999999999752e-01 1.000000000000000021e-03
2.998000000000000231e-03 1.387000000000000177e-01 1.000000000000000021e-03
2.998000000000000231e-03 3.366999999999999993e-01 1.000000000000000021e-03
1.000000000000000021e-03 8.920000000000000151e-02 1.000000000000000021e-03
2.998000000000000231e-03 4.258000000000000118e-01 1.000000000000000021e-03
1.998999999999999909e-03 2.872000000000000108e-01 1.000000000000000021e-03
6.994000000000000217e-03 1.990000000000000102e-02 1.000000000000000021e-03
2.998000000000000231e-03 3.268000000000000349e-01 1.000000000000000021e-03
1.998999999999999909e-03 4.455999999999999961e-01 1.000000000000000021e-03
2.998000000000000231e-03 1.486000000000000099e-01 1.000000000000000021e-03
3.997000000000000552e-03 3.763000000000000234e-01 1.000000000000000021e-03
2.998000000000000231e-03 2.980000000000000010e-02 1.000000000000000021e-03
2.998000000000000231e-03 3.169000000000000150e-01 1.000000000000000021e-03
1.998999999999999909e-03 9.909999999999999365e-02 1.000000000000000021e-03
3.997000000000000552e-03 3.861999999999999877e-01 1.000000000000000021e-03
1.998999999999999909e-03 2.773000000000000465e-01 1.000000000000000021e-03
1.398699999999999943e-02 1.000000000000000021e-02 1.000000000000000021e-03
3.997000000000000552e-03 3.664000000000000035e-01 1.000000000000000021e-03
2.998000000000000231e-03 1.188999999999999918e-01 1.000000000000000021e-03
3.997000000000000552e-03 3.961000000000000076e-01 1.000000000000000021e-03
1.998999999999999909e-03 1.882000000000000062e-01 1.000000000000000021e-03
3.997000000000000552e-03 3.564999999999999836e-01 1.000000000000000021e-03
1.000000000000000021e-03 3.969999999999999918e-02 1.000000000000000021e-03
1.998999999999999909e-03 2.674000000000000266e-01 1.000000000000000021e-03
3.997000000000000552e-03 4.060000000000000275e-01 1.000000000000000021e-03
3.997000000000000552e-03 3.466000000000000192e-01 1.000000000000000021e-03
1.000000000000000021e-03 7.929999999999999549e-02 1.000000000000000021e-03
1.000000000000000021e-03 3.763000000000000234e-01 9.100000000000000450e-03
2.998000000000000231e-03 3.069999999999999951e-01 1.000000000000000021e-03
1.000000000000000021e-03 1.990000000000000102e-02 9.100000000000000450e-03
2.998000000000000231e-03 1.585000000000000020e-01 1.000000000000000021e-03
7.993000000000000105e-03 1.990000000000000102e-02 1.000000000000000021e-03
3.997000000000000552e-03 3.366999999999999993e-01 1.000000000000000021e-03
3.997000000000000552e-03 4.158999999999999919e-01 1.000000000000000021e-03
1.998999999999999909e-03 1.980999999999999983e-01 1.000000000000000021e-03
3.997000000000000552e-03 2.980000000000000010e-02 1.000000000000000021e-03
2.998000000000000231e-03 2.970999999999999752e-01 1.000000000000000021e-03
2.998000000000000231e-03 1.089999999999999997e-01 1.000000000000000021e-03
4.996000000000000441e-03 3.763000000000000234e-01 1.000000000000000021e-03
3.997000000000000552e-03 3.268000000000000349e-01 1.000000000000000021e-03
1.998999999999999909e-03 8.920000000000000151e-02 1.000000000000000021e-03
2.998000000000000231e-03 4.356999999999999762e-01 1.000000000000000021e-03
1.998999999999999909e-03 2.575000000000000067e-01 1.000000000000000021e-03
1.498599999999999932e-02 1.000000000000000021e-02 1.000000000000000021e-03
4.996000000000000441e-03 3.664000000000000035e-01 1.000000000000000021e-03
4.996000000000000441e-03 3.861999999999999877e-01 1.000000000000000021e-03
1.000000000000000021e-03 6.939999999999998948e-02 1.000000000000000021e-03
1.998999999999999909e-03 2.475999999999999868e-01 1.000000000000000021e-03
4.996000000000000441e-03 3.564999999999999836e-01 1.000000000000000021e-03
1.998999999999999909e-03 3.969999999999999918e-02 1.000000000000000021e-03
1.998999999999999909e-03 2.080000000000000182e-01 1.000000000000000021e-03
4.996000000000000441e-03 3.961000000000000076e-01 1.000000000000000021e-03
3.997000000000000552e-03 3.169000000000000150e-01 1.000000000000000021e-03
1.000000000000000021e-03 4.960000000000000520e-02 1.000000000000000021e-03
4.996000000000000441e-03 3.466000000000000192e-01 1.000000000000000021e-03
2.998000000000000231e-03 1.684000000000000219e-01 1.000000000000000021e-03
2.998000000000000231e-03 2.872000000000000108e-01 1.000000000000000021e-03
4.996000000000000441e-03 4.060000000000000275e-01 1.000000000000000021e-03
1.000000000000000021e-03 1.000000000000000021e-02 1.900000000000000213e-03
2.998000000000000231e-03 9.909999999999999365e-02 1.000000000000000021e-03
4.996000000000000441e-03 3.366999999999999993e-01 1.000000000000000021e-03
1.998999999999999909e-03 2.377000000000000224e-01 1.000000000000000021e-03
3.997000000000000552e-03 4.258000000000000118e-01 1.000000000000000021e-03
3.997000000000000552e-03 3.069999999999999951e-01 1.000000000000000021e-03
1.000000000000000021e-03 3.861999999999999877e-01 9.100000000000000450e-03
1.000000000000000021e-03 5.950000000000000427e-02 1.000000000000000021e-03
1.998999999999999909e-03 2.179000000000000103e-01 1.000000000000000021e-03
5.995000000000000329e-03 3.763000000000000234e-01 1.000000000000000021e-03
5.995000000000000329e-03 3.664000000000000035e-01 1.000000000000000021e-03
3.997000000000000552e-03 1.287999999999999978e-01 1.000000000000000021e-03
2.998000000000000231e-03 2.773000000000000465e-01 1.000000000000000021e-03
8.991999999999999993e-03 1.990000000000000102e-02 1.000000000000000021e-03
4.996000000000000441e-03 3.268000000000000349e-01 1.000000000000000021e-03
1.998999999999999909e-03 7.929999999999999549e-02 1.000000000000000021e-03
5.995000000000000329e-03 3.861999999999999877e-01 1.000000000000000021e-03
1.998999999999999909e-03 2.278000000000000025e-01 1.000000000000000021e-03
5.995000000000000329e-03 3.564999999999999836e-01 1.000000000000000021e-03
4.996000000000000441e-03 2.980000000000000010e-02 1.000000000000000021e-03
3.997000000000000552e-03 1.387000000000000177e-01 1.000000000000000021e-03
