7.812189999999999968e-01 6.039999999999999813e-01 2.800000000000000405e-03
3.496509999999999896e-01 6.733000000000000096e-01 2.800000000000000405e-03
1.000000000000000021e-03 1.000000000000000021e-02 9.100000000000000450e-03
9.990010000000000279e-01 1.000000000000000021e-02 9.100000000000000450e-03
1.000000000000000021e-03 9.900999999999999801e-01 9.100000000000000450e-03
1.000000000000000021e-03 1.000000000000000021e-02 1.000000000000000021e-03
1.000000000000000021e-03 9.900999999999999801e-01 1.000000000000000021e-03
1.998999999999999909e-03 1.000000000000000021e-02 1.000000000000000021e-03
1.998999999999999909e-03 9.900999999999999801e-01 9.100000000000000450e-03
1.998999999999999909e-03 9.900999999999999801e-01 1.000000000000000021e-03
1.998999999999999909e-03 1.000000000000000021e-02 9.100000000000000450e-03
2.998000000000000231e-03 1.000000000000000021e-02 1.000000000000000021e-03
2.998000000000000231e-03 9.900999999999999801e-01 1.000000000000000021e-03
1.000000000000000021e-03 1.990000000000000102e-02 1.000000000000000021e-03
2.998000000000000231e-03 9.900999999999999801e-01 9.100000000000000450e-03
3.997000000000000552e-03 1.000000000000000021e-02 1.000000000000000021e-03
2.998000000000000231e-03 1.000000000000000021e-02 9.100000000000000450e-03
1.000000000000000021e-03 9.801999999999999602e-01 1.000000000000000021e-03
1.998999999999999909e-03 1.990000000000000102e-02 1.000000000000000021e-03
3.997000000000000552e-03 9.900999999999999801e-01 1.000000000000000021e-03
4.996000000000000441e-03 1.000000000000000021e-02 1.000000000000000021e-03
1.000000000000000021e-03 1.990000000000000102e-02 9.100000000000000450e-03
1.000000000000000021e-03 2.980000000000000010e-02 1.000000000000000021e-03
1.998999999999999909e-03 9.801999999999999602e-01 1.000000000000000021e-03
2.998000000000000231e-03 1.990000000000000102e-02 1.000000000000000021e-03
1.000000000000000021e-03 9.801999999999999602e-01 9.100000000000000450e-03
1.000000000000000021e-03 9.702999999999999403e-01 1.000000000000000021e-03
1.998999999999999909e-03 2.980000000000000010e-02 1.000000000000000021e-03
2.998000000000000231e-03 9.801999999999999602e-01 1.000000000000000021e-03
3.997000000000000552e-03 1.990000000000000102e-02 1.000000000000000021e-03
1.998999999999999909e-03 1.990000000000000102e-02 9.100000000000000450e-03
1.000000000000000021e-03 3.969999999999999918e-02 1.000000000000000021e-03
1.998999999999999909e-03 9.702999999999999403e-01 1.000000000000000021e-03
2.998000000000000231e-03 2.980000000000000010e-02 1.000000000000000021e-03
4.996000000000000441e-03 9.900999999999999801e-01 1.000000000000000021e-03
5.995000000000000329e-03 1.000000000000000021e-02 1.000000000000000021e-03
1.998999999999999909e-03 3.969999999999999918e-02 1.000000000000000021e-03
1.000000000000000021e-03 2.980000000000000010e-02 9.100000000000000450e-03
1.000000000000000021e-03 4.960000000000000520e-02 1.000000000000000021e-03
1.000000000000000021e-03 9.603999999999999204e-01 1.000000000000000021e-03
4.996000000000000441e-03 1.990000000000000102e-02 1.000000000000000021e-03
3.997000000000000552e-03 9.801999999999999602e-01 1.000000000000000021e-03
3.997000000000000552e-03 2.980000000000000010e-02 1.000000000000000021e-03
1.998999999999999909e-03 9.801999999999999602e-01 9.100000000000000450e-03
2.998000000000000231e-03 3.969999999999999918e-02 1.000000000000000021e-03
2.998000000000000231e-03 9.702999999999999403e-01 1.000000000000000021e-03
1.998999999999999909e-03 4.960000000000000520e-02 1.000000000000000021e-03
1.000000000000000021e-03 5.950000000000000427e-02 1.000000000000000021e-03
1.000000000000000021e-03 9.505000000000000115e-01 1.000000000000000021e-03
6.994000000000000217e-03 1.000000000000000021e-02 1.000000000000000021e-03
1.998999999999999909e-03 9.603999999999999204e-01 1.000000000000000021e-03
1.000000000000000021e-03 6.939999999999998948e-02 1.000000000000000021e-03
1.000000000000000021e-03 9.405999999999999917e-01 1.000000000000000021e-03
1.998999999999999909e-03 5.950000000000000427e-02 1.000000000000000021e-03
1.000000000000000021e-03 3.969999999999999918e-02 9.100000000000000450e-03
2.998000000000000231e-03 4.960000000000000520e-02 1.000000000000000021e-03
1.998999999999999909e-03 9.505000000000000115e-01 1.000000000000000021e-03
3.997000000000000552e-03 3.969999999999999918e-02 1.000000000000000021e-03
2.998000000000000231e-03 9.603999999999999204e-01 1.000000000000000021e-03
4.996000000000000441e-03 2.980000000000000010e-02 1.000000000000000021e-03
1.000000000000000021e-03 7.929999999999999549e-02 1.000000000000000021e-03
3.997000000000000552e-03 9.702999999999999403e-01 1.000000000000000021e-03
5.995000000000000329e-03 1.990000000000000102e-02 1.000000000000000021e-03
1.998999999999999909e-03 6.939999999999998948e-02 1.000000000000000021e-03
1.000000000000000021e-03 9.307000000000000828e-01 1.000000000000000021e-03
2.998000000000000231e-03 5.950000000000000427e-02 1.000000000000000021e-03
1.998999999999999909e-03 9.405999999999999917e-01 1.000000000000000021e-03
1.000000000000000021e-03 8.920000000000000151e-02 1.000000000000000021e-03
4.996000000000000441e-03 9.801999999999999602e-01 1.000000000000000021e-03
3.997000000000000552e-03 4.960000000000000520e-02 1.000000000000000021e-03
1.998999999999999909e-03 7.929999999999999549e-02 1.000000000000000021e-03
1.000000000000000021e-03 9.702999999999999403e-01 9.100000000000000450e-03
1.000000000000000021e-03 9.909999999999999365e-02 1.000000000000000021e-03
1.000000000000000021e-03 9.208000000000000629e-01 1.000000000000000021e-03
2.998000000000000231e-03 6.939999999999998948e-02 1.000000000000000021e-03
2.998000000000000231e-03 9.505000000000000115e-01 1.000000000000000021e-03
4.996000000000000441e-03 3.969999999999999918e-02 1.000000000000000021e-03
1.998999999999999909e-03 9.307000000000000828e-01 1.000000000000000021e-03
1.998999999999999909e-03 8.920000000000000151e-02 1.000000000000000021e-03
1.000000000000000021e-03 1.089999999999999997e-01 1.000000000000000021e-03
1.000000000000000021e-03 9.109000000000000430e-01 1.000000000000000021e-03
3.997000000000000552e-03 5.950000000000000427e-02 1.000000000000000021e-03
3.997000000000000552e-03 9.603999999999999204e-01 1.000000000000000021e-03
1.998999999999999909e-03 2.980000000000000010e-02 9.100000000000000450e-03
2.998000000000000231e-03 7.929999999999999549e-02 1.000000000000000021e-03
1.000000000000000021e-03 1.188999999999999918e-01 1.000000000000000021e-03
2.998000000000000231e-03 9.405999999999999917e-01 1.000000000000000021e-03
1.998999999999999909e-03 9.909999999999999365e-02 1.000000000000000021e-03
1.000000000000000021e-03 9.010000000000000231e-01 1.000000000000000021e-03
5.995000000000000329e-03 2.980000000000000010e-02 1.000000000000000021e-03
1.000000000000000021e-03 1.287999999999999978e-01 1.000000000000000021e-03
1.998999999999999909e-03 9.208000000000000629e-01 1.000000000000000021e-03
1.998999999999999909e-03 1.089999999999999997e-01 1.000000000000000021e-03
1.000000000000000021e-03 8.911000000000000032e-01 1.000000000000000021e-03
2.998000000000000231e-03 8.920000000000000151e-02 1.000000000000000021e-03
1.998999999999999909e-03 9.109000000000000430e-01 1.000000000000000021e-03
4.996000000000000441e-03 4.960000000000000520e-02 1.000000000000000021e-03
3.997000000000000552e-03 6.939999999999998948e-02 1.000000000000000021e-03
2.998000000000000231e-03 9.307000000000000828e-01 1.000000000000000021e-03
1.000000000000000021e-03 1.387000000000000177e-01 1.000000000000000021e-03
1.000000000000000021e-03 8.811999999999999833e-01 1.000000000000000021e-03
1.998999999999999909e-03 1.188999999999999918e-01 1.000000000000000021e-03
3.997000000000000552e-03 9.505000000000000115e-01 1.000000000000000021e-03
1.000000000000000021e-03 1.486000000000000099e-01 1.000000000000000021e-03
2.998000000000000231e-03 9.909999999999999365e-02 1.000000000000000021e-03
1.998999999999999909e-03 9.010000000000000231e-01 1.000000000000000021e-03
1.998999999999999909e-03 1.287999999999999978e-01 1.000000000000000021e-03
1.000000000000000021e-03 8.712999999999999634e-01 1.000000000000000021e-03
1.000000000000000021e-03 1.585000000000000020e-01 1.000000000000000021e-03
4.996000000000000441e-03 9.702999999999999403e-01 1.000000000000000021e-03
3.997000000000000552e-03 7.929999999999999549e-02 1.000000000000000021e-03
4.996000000000000441e-03 5.950000000000000427e-02 1.000000000000000021e-03
2.998000000000000231e-03 1.089999999999999997e-01 1.000000000000000021e-03
1.000000000000000021e-03 1.684000000000000219e-01 1.000000000000000021e-03
1.000000000000000021e-03 4.960000000000000520e-02 9.100000000000000450e-03
1.000000000000000021e-03 8.613999999999999435e-01 1.000000000000000021e-03
1.998999999999999909e-03 1.387000000000000177e-01 1.000000000000000021e-03
2.998000000000000231e-03 9.208000000000000629e-01 1.000000000000000021e-03
1.000000000000000021e-03 1.783000000000000140e-01 1.000000000000000021e-03
1.998999999999999909e-03 8.911000000000000032e-01 1.000000000000000021e-03
3.997000000000000552e-03 8.920000000000000151e-02 1.000000000000000021e-03
1.998999999999999909e-03 1.486000000000000099e-01 1.000000000000000021e-03
1.000000000000000021e-03 8.515000000000000346e-01 1.000000000000000021e-03
2.998000000000000231e-03 1.188999999999999918e-01 1.000000000000000021e-03
1.000000000000000021e-03 1.882000000000000062e-01 1.000000000000000021e-03
1.998999999999999909e-03 8.811999999999999833e-01 1.000000000000000021e-03
1.000000000000000021e-03 8.416000000000000147e-01 1.000000000000000021e-03
5.995000000000000329e-03 3.969999999999999918e-02 1.000000000000000021e-03
1.998999999999999909e-03 1.585000000000000020e-01 1.000000000000000021e-03
2.998000000000000231e-03 9.109000000000000430e-01 1.000000000000000021e-03
1.000000000000000021e-03 1.980999999999999983e-01 1.000000000000000021e-03
3.997000000000000552e-03 9.405999999999999917e-01 1.000000000000000021e-03
2.998000000000000231e-03 1.287999999999999978e-01 1.000000000000000021e-03
1.000000000000000021e-03 2.080000000000000182e-01 1.000000000000000021e-03
1.000000000000000021e-03 8.316999999999999948e-01 1.000000000000000021e-03
1.998999999999999909e-03 8.712999999999999634e-01 1.000000000000000021e-03
1.998999999999999909e-03 1.684000000000000219e-01 1.000000000000000021e-03
3.997000000000000552e-03 9.909999999999999365e-02 1.000000000000000021e-03
1.000000000000000021e-03 8.217999999999999750e-01 1.000000000000000021e-03
1.000000000000000021e-03 2.179000000000000103e-01 1.000000000000000021e-03
2.998000000000000231e-03 9.010000000000000231e-01 1.000000000000000021e-03
4.996000000000000441e-03 6.939999999999998948e-02 1.000000000000000021e-03
1.998999999999999909e-03 1.783000000000000140e-01 1.000000000000000021e-03
1.000000000000000021e-03 9.603999999999999204e-01 9.100000000000000450e-03
1.998999999999999909e-03 8.613999999999999435e-01 1.000000000000000021e-03
1.000000000000000021e-03 2.278000000000000025e-01 1.000000000000000021e-03
1.000000000000000021e-03 8.119000000000000661e-01 1.000000000000000021e-03
2.998000000000000231e-03 1.387000000000000177e-01 1.000000000000000021e-03
1.000000000000000021e-03 8.020000000000000462e-01 1.000000000000000021e-03
1.000000000000000021e-03 2.377000000000000224e-01 1.000000000000000021e-03
1.998999999999999909e-03 8.515000000000000346e-01 1.000000000000000021e-03
1.998999999999999909e-03 1.882000000000000062e-01 1.000000000000000021e-03
1.000000000000000021e-03 2.475999999999999868e-01 1.000000000000000021e-03
3.997000000000000552e-03 9.307000000000000828e-01 1.000000000000000021e-03
2.998000000000000231e-03 1.486000000000000099e-01 1.000000000000000021e-03
1.000000000000000021e-03 7.921000000000000263e-01 1.000000000000000021e-03
1.000000000000000021e-03 2.575000000000000067e-01 1.000000000000000021e-03
2.998000000000000231e-03 8.911000000000000032e-01 1.000000000000000021e-03
1.998999999999999909e-03 1.980999999999999983e-01 1.000000000000000021e-03
1.000000000000000021e-03 7.822000000000000064e-01 1.000000000000000021e-03
3.997000000000000552e-03 1.089999999999999997e-01 1.000000000000000021e-03
1.000000000000000021e-03 2.674000000000000266e-01 1.000000000000000021e-03
1.998999999999999909e-03 8.416000000000000147e-01 1.000000000000000021e-03
1.998999999999999909e-03 2.080000000000000182e-01 1.000000000000000021e-03
1.000000000000000021e-03 7.722999999999999865e-01 1.000000000000000021e-03
1.000000000000000021e-03 2.773000000000000465e-01 1.000000000000000021e-03
1.998999999999999909e-03 8.316999999999999948e-01 1.000000000000000021e-03
2.998000000000000231e-03 1.585000000000000020e-01 1.000000000000000021e-03
1.000000000000000021e-03 7.623999999999999666e-01 1.000000000000000021e-03
1.000000000000000021e-03 2.872000000000000108e-01 1.000000000000000021e-03
2.998000000000000231e-03 8.811999999999999833e-01 1.000000000000000021e-03
1.998999999999999909e-03 2.179000000000000103e-01 1.000000000000000021e-03
1.000000000000000021e-03 7.524999999999999467e-01 1.000000000000000021e-03
1.000000000000000021e-03 2.970999999999999752e-01 1.000000000000000021e-03
1.998999999999999909e-03 8.217999999999999750e-01 1.000000000000000021e-03
3.997000000000000552e-03 1.188999999999999918e-01 1.000000000000000021e-03
1.000000000000000021e-03 3.069999999999999951e-01 1.000000000000000021e-03
1.000000000000000021e-03 7.426000000000000378e-01 1.000000000000000021e-03
1.998999999999999909e-03 2.278000000000000025e-01 1.000000000000000021e-03
2.998000000000000231e-03 1.684000000000000219e-01 1.000000000000000021e-03
3.997000000000000552e-03 9.208000000000000629e-01 1.000000000000000021e-03
1.000000000000000021e-03 3.169000000000000150e-01 1.000000000000000021e-03
1.000000000000000021e-03 7.327000000000000179e-01 1.000000000000000021e-03
1.998999999999999909e-03 2.377000000000000224e-01 1.000000000000000021e-03
1.998999999999999909e-03 8.119000000000000661e-01 1.000000000000000021e-03
1.000000000000000021e-03 3.268000000000000349e-01 1.000000000000000021e-03
1.000000000000000021e-03 7.227999999999999980e-01 1.000000000000000021e-03
4.996000000000000441e-03 7.929999999999999549e-02 1.000000000000000021e-03
1.000000000000000021e-03 3.366999999999999993e-01 1.000000000000000021e-03
2.998000000000000231e-03 8.712999999999999634e-01 1.000000000000000021e-03
2.998000000000000231e-03 1.783000000000000140e-01 1.000000000000000021e-03
1.000000000000000021e-03 7.128999999999999782e-01 1.000000000000000021e-03
1.998999999999999909e-03 2.475999999999999868e-01 1.000000000000000021e-03
1.000000000000000021e-03 3.466000000000000192e-01 1.000000000000000021e-03
1.998999999999999909e-03 8.020000000000000462e-01 1.000000000000000021e-03
1.000000000000000021e-03 3.564999999999999836e-01 1.000000000000000021e-03
1.000000000000000021e-03 7.029999999999999583e-01 1.000000000000000021e-03
3.997000000000000552e-03 1.287999999999999978e-01 1.000000000000000021e-03
1.000000000000000021e-03 3.664000000000000035e-01 1.000000000000000021e-03
1.000000000000000021e-03 6.930999999999999384e-01 1.000000000000000021e-03
1.998999999999999909e-03 2.575000000000000067e-01 1.000000000000000021e-03
