2.597500000000000156e-02 5.248000000000000442e-01 7.300000000000000065e-03
7.112889999999999491e-01 2.575000000000000067e-01 9.100000000000000450e-03
1.000000000000000021e-03 9.900999999999999801e-01 1.000000000000000021e-03
1.000000000000000021e-03 9.801999999999999602e-01 1.000000000000000021e-03
1.000000000000000021e-03 1.000000000000000021e-02 1.000000000000000021e-03
1.998999999999999909e-03 9.900999999999999801e-01 1.000000000000000021e-03
1.000000000000000021e-03 9.702999999999999403e-01 1.000000000000000021e-03
1.000000000000000021e-03 1.990000000000000102e-02 1.000000000000000021e-03
1.000000000000000021e-03 9.603999999999999204e-01 1.000000000000000021e-03
1.000000000000000021e-03 9.505000000000000115e-01 1.000000000000000021e-03
1.998999999999999909e-03 9.801999999999999602e-01 1.000000000000000021e-03
1.000000000000000021e-03 9.405999999999999917e-01 1.000000000000000021e-03
1.000000000000000021e-03 2.980000000000000010e-02 1.000000000000000021e-03
1.000000000000000021e-03 9.307000000000000828e-01 1.000000000000000021e-03
1.000000000000000021e-03 9.208000000000000629e-01 1.000000000000000021e-03
1.998999999999999909e-03 9.702999999999999403e-01 1.000000000000000021e-03
1.000000000000000021e-03 9.109000000000000430e-01 1.000000000000000021e-03
1.000000000000000021e-03 9.010000000000000231e-01 1.000000000000000021e-03
1.998999999999999909e-03 9.603999999999999204e-01 1.000000000000000021e-03
1.000000000000000021e-03 8.911000000000000032e-01 1.000000000000000021e-03
1.998999999999999909e-03 9.505000000000000115e-01 1.000000000000000021e-03
1.000000000000000021e-03 8.811999999999999833e-01 1.000000000000000021e-03
1.000000000000000021e-03 8.712999999999999634e-01 1.000000000000000021e-03
1.998999999999999909e-03 9.405999999999999917e-01 1.000000000000000021e-03
1.000000000000000021e-03 8.613999999999999435e-01 1.000000000000000021e-03
1.998999999999999909e-03 9.307000000000000828e-01 1.000000000000000021e-03
1.000000000000000021e-03 8.515000000000000346e-01 1.000000000000000021e-03
2.998000000000000231e-03 9.900999999999999801e-01 1.000000000000000021e-03
1.000000000000000021e-03 3.969999999999999918e-02 1.000000000000000021e-03
1.000000000000000021e-03 4.960000000000000520e-02 1.000000000000000021e-03
1.000000000000000021e-03 8.416000000000000147e-01 1.000000000000000021e-03
1.000000000000000021e-03 8.316999999999999948e-01 1.000000000000000021e-03
1.000000000000000021e-03 8.217999999999999750e-01 1.000000000000000021e-03
1.000000000000000021e-03 8.119000000000000661e-01 1.000000000000000021e-03
1.000000000000000021e-03 8.020000000000000462e-01 1.000000000000000021e-03
1.000000000000000021e-03 7.921000000000000263e-01 1.000000000000000021e-03
1.000000000000000021e-03 7.822000000000000064e-01 1.000000000000000021e-03
1.000000000000000021e-03 7.722999999999999865e-01 1.000000000000000021e-03
1.000000000000000021e-03 7.623999999999999666e-01 1.000000000000000021e-03
1.000000000000000021e-03 7.524999999999999467e-01 1.000000000000000021e-03
1.000000000000000021e-03 7.426000000000000378e-01 1.000000000000000021e-03
1.000000000000000021e-03 7.327000000000000179e-01 1.000000000000000021e-03
1.000000000000000021e-03 7.227999999999999980e-01 1.000000000000000021e-03
1.000000000000000021e-03 7.128999999999999782e-01 1.000000000000000021e-03
1.000000000000000021e-03 7.029999999999999583e-01 1.000000000000000021e-03
1.000000000000000021e-03 6.930999999999999384e-01 1.000000000000000021e-03
1.998999999999999909e-03 9.208000000000000629e-01 1.000000000000000021e-03
1.000000000000000021e-03 6.832000000000000295e-01 1.000000000000000021e-03
1.998999999999999909e-03 9.109000000000000430e-01 1.000000000000000021e-03
1.000000000000000021e-03 6.733000000000000096e-01 1.000000000000000021e-03
1.998999999999999909e-03 9.010000000000000231e-01 1.000000000000000021e-03
1.000000000000000021e-03 6.633999999999999897e-01 1.000000000000000021e-03
1.000000000000000021e-03 6.534999999999999698e-01 1.000000000000000021e-03
1.998999999999999909e-03 8.911000000000000032e-01 1.000000000000000021e-03
1.000000000000000021e-03 6.436000000000000609e-01 1.000000000000000021e-03
1.998999999999999909e-03 8.811999999999999833e-01 1.000000000000000021e-03
1.000000000000000021e-03 6.337000000000000410e-01 1.000000000000000021e-03
1.998999999999999909e-03 8.712999999999999634e-01 1.000000000000000021e-03
1.000000000000000021e-03 6.238000000000000211e-01 1.000000000000000021e-03
1.998999999999999909e-03 8.613999999999999435e-01 1.000000000000000021e-03
1.000000000000000021e-03 6.139000000000000012e-01 1.000000000000000021e-03
1.998999999999999909e-03 8.515000000000000346e-01 1.000000000000000021e-03
1.998999999999999909e-03 8.416000000000000147e-01 1.000000000000000021e-03
1.000000000000000021e-03 6.039999999999999813e-01 1.000000000000000021e-03
1.998999999999999909e-03 8.316999999999999948e-01 1.000000000000000021e-03
1.000000000000000021e-03 5.940999999999999615e-01 1.000000000000000021e-03
1.998999999999999909e-03 8.217999999999999750e-01 1.000000000000000021e-03
1.000000000000000021e-03 5.841999999999999416e-01 1.000000000000000021e-03
1.998999999999999909e-03 8.119000000000000661e-01 1.000000000000000021e-03
1.000000000000000021e-03 5.742999999999999217e-01 1.000000000000000021e-03
1.998999999999999909e-03 8.020000000000000462e-01 1.000000000000000021e-03
1.998999999999999909e-03 7.921000000000000263e-01 1.000000000000000021e-03
1.000000000000000021e-03 5.644000000000000128e-01 1.000000000000000021e-03
2.998000000000000231e-03 9.801999999999999602e-01 1.000000000000000021e-03
1.000000000000000021e-03 5.544999999999999929e-01 1.000000000000000021e-03
1.000000000000000021e-03 5.446000000000000840e-01 1.000000000000000021e-03
1.000000000000000021e-03 5.347000000000000641e-01 1.000000000000000021e-03
1.000000000000000021e-03 5.248000000000000442e-01 1.000000000000000021e-03
1.998999999999999909e-03 7.822000000000000064e-01 1.000000000000000021e-03
1.998999999999999909e-03 7.722999999999999865e-01 1.000000000000000021e-03
1.000000000000000021e-03 5.149000000000000243e-01 1.000000000000000021e-03
1.998999999999999909e-03 7.623999999999999666e-01 1.000000000000000021e-03
1.998999999999999909e-03 7.524999999999999467e-01 1.000000000000000021e-03
1.998999999999999909e-03 7.426000000000000378e-01 1.000000000000000021e-03
1.000000000000000021e-03 5.050000000000000044e-01 1.000000000000000021e-03
2.998000000000000231e-03 9.702999999999999403e-01 1.000000000000000021e-03
1.000000000000000021e-03 4.950999999999999845e-01 1.000000000000000021e-03
1.998999999999999909e-03 7.327000000000000179e-01 1.000000000000000021e-03
1.998999999999999909e-03 7.227999999999999980e-01 1.000000000000000021e-03
1.000000000000000021e-03 4.851999999999999647e-01 1.000000000000000021e-03
1.998999999999999909e-03 7.128999999999999782e-01 1.000000000000000021e-03
2.998000000000000231e-03 9.603999999999999204e-01 1.000000000000000021e-03
1.000000000000000021e-03 4.753000000000000003e-01 1.000000000000000021e-03
1.998999999999999909e-03 7.029999999999999583e-01 1.000000000000000021e-03
1.998999999999999909e-03 6.930999999999999384e-01 1.000000000000000021e-03
1.000000000000000021e-03 4.654000000000000359e-01 1.000000000000000021e-03
1.998999999999999909e-03 6.832000000000000295e-01 1.000000000000000021e-03
2.998000000000000231e-03 9.505000000000000115e-01 1.000000000000000021e-03
1.998999999999999909e-03 6.733000000000000096e-01 1.000000000000000021e-03
1.000000000000000021e-03 4.555000000000000160e-01 1.000000000000000021e-03
1.998999999999999909e-03 6.633999999999999897e-01 1.000000000000000021e-03
2.998000000000000231e-03 9.405999999999999917e-01 1.000000000000000021e-03
1.998999999999999909e-03 6.534999999999999698e-01 1.000000000000000021e-03
1.000000000000000021e-03 4.455999999999999961e-01 1.000000000000000021e-03
2.998000000000000231e-03 9.307000000000000828e-01 1.000000000000000021e-03
1.998999999999999909e-03 6.436000000000000609e-01 1.000000000000000021e-03
1.998999999999999909e-03 6.337000000000000410e-01 1.000000000000000021e-03
2.998000000000000231e-03 9.208000000000000629e-01 1.000000000000000021e-03
1.998999999999999909e-03 6.238000000000000211e-01 1.000000000000000021e-03
1.000000000000000021e-03 4.356999999999999762e-01 1.000000000000000021e-03
2.998000000000000231e-03 9.109000000000000430e-01 1.000000000000000021e-03
1.998999999999999909e-03 6.139000000000000012e-01 1.000000000000000021e-03
2.998000000000000231e-03 9.010000000000000231e-01 1.000000000000000021e-03
2.998000000000000231e-03 8.911000000000000032e-01 1.000000000000000021e-03
1.998999999999999909e-03 6.039999999999999813e-01 1.000000000000000021e-03
2.998000000000000231e-03 8.811999999999999833e-01 1.000000000000000021e-03
1.000000000000000021e-03 4.258000000000000118e-01 1.000000000000000021e-03
2.998000000000000231e-03 8.712999999999999634e-01 1.000000000000000021e-03
1.998999999999999909e-03 5.940999999999999615e-01 1.000000000000000021e-03
2.998000000000000231e-03 8.613999999999999435e-01 1.000000000000000021e-03
2.998000000000000231e-03 8.515000000000000346e-01 1.000000000000000021e-03
1.998999999999999909e-03 5.841999999999999416e-01 1.000000000000000021e-03
1.000000000000000021e-03 4.158999999999999919e-01 1.000000000000000021e-03
2.998000000000000231e-03 8.416000000000000147e-01 1.000000000000000021e-03
1.998999999999999909e-03 5.742999999999999217e-01 1.000000000000000021e-03
2.998000000000000231e-03 8.316999999999999948e-01 1.000000000000000021e-03
1.998999999999999909e-03 5.644000000000000128e-01 1.000000000000000021e-03
1.000000000000000021e-03 4.060000000000000275e-01 1.000000000000000021e-03
2.998000000000000231e-03 8.217999999999999750e-01 1.000000000000000021e-03
2.998000000000000231e-03 8.119000000000000661e-01 1.000000000000000021e-03
2.998000000000000231e-03 8.020000000000000462e-01 1.000000000000000021e-03
1.998999999999999909e-03 5.544999999999999929e-01 1.000000000000000021e-03
2.998000000000000231e-03 7.921000000000000263e-01 1.000000000000000021e-03
1.998999999999999909e-03 5.446000000000000840e-01 1.000000000000000021e-03
2.998000000000000231e-03 7.822000000000000064e-01 1.000000000000000021e-03
1.000000000000000021e-03 3.961000000000000076e-01 1.000000000000000021e-03
2.998000000000000231e-03 7.722999999999999865e-01 1.000000000000000021e-03
2.998000000000000231e-03 7.623999999999999666e-01 1.000000000000000021e-03
1.998999999999999909e-03 5.347000000000000641e-01 1.000000000000000021e-03
2.998000000000000231e-03 7.524999999999999467e-01 1.000000000000000021e-03
2.998000000000000231e-03 7.426000000000000378e-01 1.000000000000000021e-03
1.998999999999999909e-03 5.248000000000000442e-01 1.000000000000000021e-03
2.998000000000000231e-03 7.327000000000000179e-01 1.000000000000000021e-03
1.000000000000000021e-03 3.861999999999999877e-01 1.000000000000000021e-03
2.998000000000000231e-03 7.227999999999999980e-01 1.000000000000000021e-03
2.998000000000000231e-03 7.128999999999999782e-01 1.000000000000000021e-03
1.998999999999999909e-03 5.149000000000000243e-01 1.000000000000000021e-03
2.998000000000000231e-03 7.029999999999999583e-01 1.000000000000000021e-03
1.998999999999999909e-03 5.050000000000000044e-01 1.000000000000000021e-03
2.998000000000000231e-03 6.930999999999999384e-01 1.000000000000000021e-03
1.000000000000000021e-03 3.763000000000000234e-01 1.000000000000000021e-03
2.998000000000000231e-03 6.832000000000000295e-01 1.000000000000000021e-03
2.998000000000000231e-03 6.733000000000000096e-01 1.000000000000000021e-03
1.998999999999999909e-03 4.950999999999999845e-01 1.000000000000000021e-03
2.998000000000000231e-03 6.633999999999999897e-01 1.000000000000000021e-03
1.000000000000000021e-03 3.664000000000000035e-01 1.000000000000000021e-03
2.998000000000000231e-03 6.534999999999999698e-01 1.000000000000000021e-03
1.998999999999999909e-03 4.851999999999999647e-01 1.000000000000000021e-03
2.998000000000000231e-03 6.436000000000000609e-01 1.000000000000000021e-03
1.998999999999999909e-03 4.753000000000000003e-01 1.000000000000000021e-03
2.998000000000000231e-03 6.337000000000000410e-01 1.000000000000000021e-03
1.000000000000000021e-03 3.564999999999999836e-01 1.000000000000000021e-03
2.998000000000000231e-03 6.238000000000000211e-01 1.000000000000000021e-03
1.998999999999999909e-03 4.654000000000000359e-01 1.000000000000000021e-03
2.998000000000000231e-03 6.139000000000000012e-01 1.000000000000000021e-03
2.998000000000000231e-03 6.039999999999999813e-01 1.000000000000000021e-03
1.998999999999999909e-03 4.555000000000000160e-01 1.000000000000000021e-03
1.000000000000000021e-03 3.466000000000000192e-01 1.000000000000000021e-03
2.998000000000000231e-03 5.940999999999999615e-01 1.000000000000000021e-03
2.998000000000000231e-03 5.841999999999999416e-01 1.000000000000000021e-03
1.998999999999999909e-03 4.455999999999999961e-01 1.000000000000000021e-03
2.998000000000000231e-03 5.742999999999999217e-01 1.000000000000000021e-03
1.000000000000000021e-03 3.366999999999999993e-01 1.000000000000000021e-03
2.998000000000000231e-03 5.644000000000000128e-01 1.000000000000000021e-03
1.998999999999999909e-03 4.356999999999999762e-01 1.000000000000000021e-03
3.997000000000000552e-03 8.613999999999999435e-01 1.000000000000000021e-03
3.997000000000000552e-03 8.515000000000000346e-01 1.000000000000000021e-03
3.997000000000000552e-03 8.712999999999999634e-01 1.000000000000000021e-03
3.997000000000000552e-03 8.416000000000000147e-01 1.000000000000000021e-03
3.997000000000000552e-03 8.811999999999999833e-01 1.000000000000000021e-03
3.997000000000000552e-03 8.316999999999999948e-01 1.000000000000000021e-03
3.997000000000000552e-03 8.217999999999999750e-01 1.000000000000000021e-03
2.998000000000000231e-03 5.544999999999999929e-01 1.000000000000000021e-03
3.997000000000000552e-03 8.911000000000000032e-01 1.000000000000000021e-03
3.997000000000000552e-03 8.119000000000000661e-01 1.000000000000000021e-03
3.997000000000000552e-03 8.020000000000000462e-01 1.000000000000000021e-03
3.997000000000000552e-03 9.010000000000000231e-01 1.000000000000000021e-03
3.997000000000000552e-03 7.921000000000000263e-01 1.000000000000000021e-03
1.998999999999999909e-03 4.258000000000000118e-01 1.000000000000000021e-03
2.998000000000000231e-03 5.446000000000000840e-01 1.000000000000000021e-03
3.997000000000000552e-03 7.822000000000000064e-01 1.000000000000000021e-03
3.997000000000000552e-03 7.722999999999999865e-01 1.000000000000000021e-03
3.997000000000000552e-03 9.109000000000000430e-01 1.000000000000000021e-03
3.997000000000000552e-03 7.623999999999999666e-01 1.000000000000000021e-03
2.998000000000000231e-03 5.347000000000000641e-01 1.000000000000000021e-03
1.000000000000000021e-03 3.268000000000000349e-01 1.000000000000000021e-03
3.997000000000000552e-03 7.524999999999999467e-01 1.000000000000000021e-03
3.997000000000000552e-03 9.208000000000000629e-01 1.000000000000000021e-03
3.997000000000000552e-03 7.426000000000000378e-01 1.000000000000000021e-03
1.998999999999999909e-03 4.158999999999999919e-01 1.000000000000000021e-03
3.997000000000000552e-03 7.327000000000000179e-01 1.000000000000000021e-03
