7.785999999999999588e-01
8.295000000000000151e-01
9.045999999999999597e-01
6.987999999999999767e-01
9.010000000000000231e-01
9.164999999999999813e-01
9.201000000000000290e-01
9.189000000000000501e-01
8.917000000000000481e-01
9.134999999999999787e-01
9.054999999999999716e-01
9.197999999999999510e-01
9.082000000000000073e-01
9.166999999999999593e-01
8.922999999999999821e-01
9.203000000000000069e-01
9.054999999999999716e-01
9.197999999999999510e-01
9.189000000000000501e-01
9.051000000000000156e-01
9.204999999999999849e-01
9.045999999999999597e-01
9.168000000000000593e-01
9.183999999999999941e-01
9.197999999999999510e-01
9.041000000000000147e-01
9.203999999999999959e-01
9.189000000000000501e-01
9.153999999999999915e-01
9.202000000000000179e-01
9.055999999999999606e-01
9.169000000000000483e-01
9.194999999999999840e-01
9.198999999999999400e-01
9.060000000000000275e-01
9.201000000000000290e-01
9.189000000000000501e-01
9.045999999999999597e-01
9.169000000000000483e-01
9.207999999999999519e-01
9.204999999999999849e-01
9.136999999999999567e-01
9.202000000000000179e-01
9.005999999999999561e-01
9.197999999999999510e-01
9.173999999999999932e-01
9.190000000000000391e-01
9.170000000000000373e-01
9.202000000000000179e-01
9.201000000000000290e-01
9.203000000000000069e-01
9.170000000000000373e-01
9.202000000000000179e-01
9.190000000000000391e-01
9.047000000000000597e-01
9.197999999999999510e-01
9.202000000000000179e-01
9.203999999999999959e-01
9.174999999999999822e-01
9.204999999999999849e-01
9.170000000000000373e-01
9.160000000000000364e-01
9.201000000000000290e-01
9.188000000000000611e-01
9.202000000000000179e-01
9.196999999999999620e-01
9.203999999999999959e-01
9.170000000000000373e-01
9.133999999999999897e-01
9.204999999999999849e-01
9.189000000000000501e-01
9.042999999999999927e-01
9.170000000000000373e-01
9.203000000000000069e-01
9.197999999999999510e-01
9.188000000000000611e-01
9.204999999999999849e-01
9.203000000000000069e-01
9.188000000000000611e-01
9.172000000000000153e-01
9.203000000000000069e-01
9.204999999999999849e-01
9.162000000000000144e-01
9.055999999999999606e-01
9.197999999999999510e-01
9.173000000000000043e-01
9.194999999999999840e-01
9.186999999999999611e-01
9.200000000000000400e-01
9.200000000000000400e-01
9.173999999999999932e-01
9.202000000000000179e-01
9.188000000000000611e-01
9.202000000000000179e-01
9.197999999999999510e-01
9.198999999999999400e-01
9.204999999999999849e-01
9.204999999999999849e-01
9.193999999999999950e-01
9.173000000000000043e-01
9.202000000000000179e-01
9.189000000000000501e-01
9.173000000000000043e-01
9.173000000000000043e-01
9.198999999999999400e-01
9.198999999999999400e-01
9.189000000000000501e-01
9.202000000000000179e-01
9.173000000000000043e-01
9.144999999999999796e-01
9.205999999999999739e-01
9.204999999999999849e-01
9.201000000000000290e-01
9.174999999999999822e-01
9.045999999999999597e-01
9.200000000000000400e-01
9.189000000000000501e-01
9.195999999999999730e-01
9.173999999999999932e-01
9.201000000000000290e-01
9.205999999999999739e-01
9.190000000000000391e-01
9.201000000000000290e-01
9.200000000000000400e-01
9.173999999999999932e-01
9.202000000000000179e-01
9.202000000000000179e-01
9.200000000000000400e-01
9.191000000000000281e-01
9.200000000000000400e-01
9.173000000000000043e-01
9.178999999999999382e-01
9.200000000000000400e-01
9.174999999999999822e-01
9.203999999999999959e-01
9.201000000000000290e-01
9.192000000000000171e-01
9.205999999999999739e-01
9.203999999999999959e-01
9.174999999999999822e-01
9.202000000000000179e-01
9.205999999999999739e-01
9.192000000000000171e-01
9.033999999999999808e-01
9.202000000000000179e-01
9.173999999999999932e-01
9.205999999999999739e-01
9.202000000000000179e-01
9.206999999999999629e-01
9.174999999999999822e-01
9.201000000000000290e-01
9.192000000000000171e-01
9.174999999999999822e-01
9.180000000000000382e-01
9.202000000000000179e-01
9.205999999999999739e-01
9.175999999999999712e-01
9.201000000000000290e-01
9.193000000000000060e-01
9.203999999999999959e-01
9.205999999999999739e-01
9.176999999999999602e-01
9.203000000000000069e-01
9.193999999999999950e-01
9.203999999999999959e-01
9.176999999999999602e-01
9.203999999999999959e-01
9.203000000000000069e-01
9.204999999999999849e-01
9.178999999999999382e-01
9.200000000000000400e-01
9.193999999999999950e-01
9.203000000000000069e-01
9.178999999999999382e-01
9.204999999999999849e-01
9.207999999999999519e-01
9.178999999999999382e-01
9.204999999999999849e-01
9.193999999999999950e-01
9.203000000000000069e-01
9.188000000000000611e-01
9.181000000000000272e-01
9.203999999999999959e-01
9.194999999999999840e-01
9.204999999999999849e-01
9.183000000000000052e-01
9.202000000000000179e-01
9.204999999999999849e-01
9.183999999999999941e-01
9.200000000000000400e-01
9.203000000000000069e-01
9.202000000000000179e-01
9.195999999999999730e-01
9.184999999999999831e-01
9.202000000000000179e-01
9.184999999999999831e-01
9.201000000000000290e-01
9.207999999999999519e-01
9.185999999999999721e-01
9.198999999999999400e-01
