1.374000000000000110e+00 1.310300000000000076e-01
3.131500000000000394e+00 3.701499999999999790e-01
9.990500000000000824e+00 1.000000000000000021e-02
5.000000000000000000e-01 1.000000000000000021e-02
5.855000000000000204e-01 1.000000000000000021e-02
9.274999999999999911e-01 1.000000000000000021e-02
1.098500000000000032e+00 1.000000000000000021e-02
1.212499999999999911e+00 1.000000000000000021e-02
1.278999999999999915e+00 1.000000000000000021e-02
1.335999999999999854e+00 1.000000000000000021e-02
1.383499999999999952e+00 1.000000000000000021e-02
1.421499999999999986e+00 1.000000000000000021e-02
1.450000000000000178e+00 1.000000000000000021e-02
1.487999999999999989e+00 1.000000000000000021e-02
1.506999999999999895e+00 1.000000000000000021e-02
1.535500000000000087e+00 1.000000000000000021e-02
1.554499999999999993e+00 1.000000000000000021e-02
1.573500000000000121e+00 1.000000000000000021e-02
1.592500000000000027e+00 1.000000000000000021e-02
1.611500000000000155e+00 1.000000000000000021e-02
1.620999999999999996e+00 1.000000000000000021e-02
1.639999999999999902e+00 1.000000000000000021e-02
1.659000000000000030e+00 1.000000000000000021e-02
1.668499999999999872e+00 1.000000000000000021e-02
1.687500000000000000e+00 1.000000000000000021e-02
1.697000000000000064e+00 1.000000000000000021e-02
1.706500000000000128e+00 1.000000000000000021e-02
1.715999999999999970e+00 1.000000000000000021e-02
1.735000000000000098e+00 1.000000000000000021e-02
1.744499999999999940e+00 1.000000000000000021e-02
1.754000000000000004e+00 1.000000000000000021e-02
1.763500000000000068e+00 1.000000000000000021e-02
1.773000000000000131e+00 1.000000000000000021e-02
1.782500000000000195e+00 1.000000000000000021e-02
1.792000000000000037e+00 1.000000000000000021e-02
1.801500000000000101e+00 1.000000000000000021e-02
1.811000000000000165e+00 1.000000000000000021e-02
1.820500000000000007e+00 1.000000000000000021e-02
1.830000000000000071e+00 1.000000000000000021e-02
1.839499999999999913e+00 1.000000000000000021e-02
1.848999999999999977e+00 1.000000000000000021e-02
1.858499999999999819e+00 1.000000000000000021e-02
1.867999999999999883e+00 1.000000000000000021e-02
1.877499999999999947e+00 1.000000000000000021e-02
1.887000000000000011e+00 1.000000000000000021e-02
1.896499999999999853e+00 1.000000000000000021e-02
1.905999999999999917e+00 1.000000000000000021e-02
1.915499999999999980e+00 1.000000000000000021e-02
1.925000000000000044e+00 1.000000000000000021e-02
1.934499999999999886e+00 1.000000000000000021e-02
1.943999999999999950e+00 1.000000000000000021e-02
1.953500000000000014e+00 1.000000000000000021e-02
1.963000000000000078e+00 1.000000000000000021e-02
1.972499999999999920e+00 1.000000000000000021e-02
1.981999999999999984e+00 1.000000000000000021e-02
1.991500000000000048e+00 1.000000000000000021e-02
2.001000000000000334e+00 1.000000000000000021e-02
2.010499999999999954e+00 1.000000000000000021e-02
2.020000000000000018e+00 1.000000000000000021e-02
2.029500000000000082e+00 1.000000000000000021e-02
2.039000000000000146e+00 1.000000000000000021e-02
2.048499999999999766e+00 1.000000000000000021e-02
2.057999999999999829e+00 1.000000000000000021e-02
2.067499999999999893e+00 1.000000000000000021e-02
2.076999999999999957e+00 1.000000000000000021e-02
2.086500000000000021e+00 1.000000000000000021e-02
2.096000000000000085e+00 1.000000000000000021e-02
2.105500000000000149e+00 1.000000000000000021e-02
2.115000000000000213e+00 1.000000000000000021e-02
2.124500000000000277e+00 1.000000000000000021e-02
2.133999999999999897e+00 1.000000000000000021e-02
2.143499999999999961e+00 1.000000000000000021e-02
2.152999999999999581e+00 1.000000000000000021e-02
2.162499999999999645e+00 1.000000000000000021e-02
2.171999999999999709e+00 1.000000000000000021e-02
2.181499999999999773e+00 1.000000000000000021e-02
2.190999999999999837e+00 1.000000000000000021e-02
2.200499999999999901e+00 1.000000000000000021e-02
2.209999999999999964e+00 1.000000000000000021e-02
2.219500000000000028e+00 1.000000000000000021e-02
2.229000000000000092e+00 1.000000000000000021e-02
2.238500000000000156e+00 1.000000000000000021e-02
2.248000000000000220e+00 1.000000000000000021e-02
2.257500000000000284e+00 1.000000000000000021e-02
2.266999999999999904e+00 1.000000000000000021e-02
2.276499999999999968e+00 1.000000000000000021e-02
2.286000000000000032e+00 1.000000000000000021e-02
2.295500000000000096e+00 1.000000000000000021e-02
2.304999999999999716e+00 1.000000000000000021e-02
2.314499999999999780e+00 1.000000000000000021e-02
2.323999999999999844e+00 1.000000000000000021e-02
2.333499999999999908e+00 1.000000000000000021e-02
2.342999999999999972e+00 1.000000000000000021e-02
2.352500000000000036e+00 1.000000000000000021e-02
2.362000000000000099e+00 1.000000000000000021e-02
2.371500000000000163e+00 1.000000000000000021e-02
2.381000000000000227e+00 1.000000000000000021e-02
2.390500000000000291e+00 1.000000000000000021e-02
2.400000000000000355e+00 1.000000000000000021e-02
2.409500000000000419e+00 1.000000000000000021e-02
2.419000000000000039e+00 1.000000000000000021e-02
