9.527027027027027417e-01
5.317047817047817482e-01
9.927234927234926953e-01
9.896049896049896599e-01
9.896049896049896599e-01
9.901247401247401658e-01
9.906444906444906717e-01
9.916839916839916835e-01
9.916839916839916835e-01
9.916839916839916835e-01
9.916839916839916835e-01
9.916839916839916835e-01
9.916839916839916835e-01
9.916839916839916835e-01
9.916839916839916835e-01
9.916839916839916835e-01
9.916839916839916835e-01
9.916839916839916835e-01
9.916839916839916835e-01
9.916839916839916835e-01
9.916839916839916835e-01
9.916839916839916835e-01
9.916839916839916835e-01
9.916839916839916835e-01
9.916839916839916835e-01
9.916839916839916835e-01
9.916839916839916835e-01
9.916839916839916835e-01
9.916839916839916835e-01
9.916839916839916835e-01
9.916839916839916835e-01
9.916839916839916835e-01
9.916839916839916835e-01
9.916839916839916835e-01
9.916839916839916835e-01
9.916839916839916835e-01
9.916839916839916835e-01
9.916839916839916835e-01
9.916839916839916835e-01
9.916839916839916835e-01
9.916839916839916835e-01
9.916839916839916835e-01
9.916839916839916835e-01
9.916839916839916835e-01
9.916839916839916835e-01
9.916839916839916835e-01
9.916839916839916835e-01
9.916839916839916835e-01
9.916839916839916835e-01
9.916839916839916835e-01
9.916839916839916835e-01
9.916839916839916835e-01
9.922037422037421894e-01
9.922037422037421894e-01
9.922037422037421894e-01
9.922037422037421894e-01
9.922037422037421894e-01
9.922037422037421894e-01
9.922037422037421894e-01
9.922037422037421894e-01
9.922037422037421894e-01
9.922037422037421894e-01
9.922037422037421894e-01
9.922037422037421894e-01
9.922037422037421894e-01
9.922037422037421894e-01
9.922037422037421894e-01
9.922037422037421894e-01
9.922037422037421894e-01
9.922037422037421894e-01
9.922037422037421894e-01
9.922037422037421894e-01
9.922037422037421894e-01
9.922037422037421894e-01
9.922037422037421894e-01
9.922037422037421894e-01
9.922037422037421894e-01
9.922037422037421894e-01
9.922037422037421894e-01
9.922037422037421894e-01
9.922037422037421894e-01
9.922037422037421894e-01
9.922037422037421894e-01
9.922037422037421894e-01
9.922037422037421894e-01
9.922037422037421894e-01
9.922037422037421894e-01
9.922037422037421894e-01
9.922037422037421894e-01
9.922037422037421894e-01
9.922037422037421894e-01
9.922037422037421894e-01
9.922037422037421894e-01
9.922037422037421894e-01
9.922037422037421894e-01
9.922037422037421894e-01
9.922037422037421894e-01
9.922037422037421894e-01
9.922037422037421894e-01
9.922037422037421894e-01
